22 serialization::archive 19 1 0
0 0 0 2 16 DifferenceSmooth 1 0
1 0 0 2
2 2
3 2
4 2
5 2
6 2
7 2
8 2
9 2
10 2
11 2
12 2
13 2
14 2
15 2
16 2
17 2
18 2
19 2
20 2
21 2
22 2
23 2
24 2
25 2
26 2
27 2
28 2
29 4 10 Difference 1 0
30 4
31 4
32 5 3 box 1 0
33 1 0
34 -1.000000000e+00 -1.000000000e+00 -1.000000000e+00
35 1.000000000e+00 1.000000000e+00 1.000000000e+00 7 6 Sphere 1 0
36
37 0.000000000e+00 0.000000000e+00 0.000000000e+00 5.000000000e-01 7
38
39 3.138856590e-01 2.426484525e-01 -1.000000954e+00 1.000000015e-01 7
40
41 1.531157922e-02 1.141442955e-01 -1.000001907e+00 1.000000015e-01 7
42
43 6.384086609e-02 1.835882850e-02 -1.000005126e+00 1.000000015e-01 1.000000000e+00 7
44
45 2.126806825e-01 1.143679991e-01 4.378186762e-01 1.000000015e-01 4.300000072e-01 7
46
47 2.511940300e-01 -3.299698830e-01 -8.217467666e-01 1.000000015e-01 4.300000072e-01 7
48
49 3.493112624e-01 -3.148407117e-02 -7.308949828e-01 1.000000015e-01 4.300000072e-01 7
50
51 3.771068752e-01 2.294994444e-01 -6.725771427e-01 1.000000015e-01 4.300000072e-01 7
52
53 -2.114045024e-01 -6.047554687e-02 -7.679167986e-01 1.000000015e-01 4.300000072e-01 7
54
55 -1.846077293e-01 -5.034786463e-01 -9.014873505e-01 1.000000015e-01 4.300000072e-01 7
56
57 1.796460450e-01 -4.663129747e-01 -6.932179928e-01 1.000000015e-01 4.300000072e-01 7
58
59 -1.579668075e-01 3.212727904e-01 -7.924762368e-01 1.000000015e-01 4.300000072e-01 7
60
61 -3.500905335e-01 -3.360328376e-01 -7.395899892e-01 1.000000015e-01 4.300000072e-01 7
62
63 1.310144216e-01 3.999119401e-01 -6.101460457e-01 1.000000015e-01 4.300000072e-01 7
64
65 -3.647579253e-01 -1.391511410e-01 3.123901188e-01 1.000000015e-01 9.799999744e-02 7
66
67 -2.371816337e-01 -9.989224374e-02 4.307108223e-01 1.000000015e-01 2.700000107e-01 7
68
69 -4.151112139e-01 2.641877532e-01 -9.150042385e-02 1.000000015e-01 2.700000107e-01 7
70
71 1.186004207e-01 2.929984331e-01 5.106720328e-01 1.000000015e-01 2.700000107e-01 7
72
73 3.728988767e-01 2.907776535e-01 -3.011594415e-01 1.000000015e-01 2.700000107e-01 7
74
75 5.970662832e-02 -7.606534660e-02 5.542002916e-01 1.000000015e-01 2.700000107e-01 7
76
77 -4.549085498e-01 2.790370584e-01 1.011110917e-01 1.000000015e-01 2.700000107e-01 7
78
79 2.220587432e-02 -4.985416234e-01 -3.090425022e-02 1.000000015e-01 2.700000107e-01 7
80
81 4.910904765e-01 -2.643084526e-01 -6.520867944e-01 1.000000015e-01 2.700000107e-01 7
82
83 5.924755335e-01 -1.482407679e-03 -6.536344886e-01 1.000000015e-01 2.700000107e-01 7
84
85 -4.274322987e-01 2.548790872e-01 2.709163129e-01 1.000000015e-01 2.700000107e-01 7
86
87 -1.837571710e-01 3.960168660e-01 -4.669064581e-01 1.000000015e-01 2.700000107e-01 7
88
89 3.254186809e-01 -2.007376999e-01 3.626456261e-01 1.000000015e-01 2.700000107e-01 7
90
91 5.294893384e-01 -1.333020627e-02 -4.342541397e-01 1.000000015e-01 2.700000107e-01 7
92
93 -2.731859088e-01 -3.803090751e-01 -1.895548254e-01 1.000000015e-01 2.700000107e-01 7
94
95 -2.039385885e-01 -2.442982048e-02 5.759711862e-01 1.000000015e-01 2.700000107e-01 7
96
97 -2.419493347e-01 -3.053662926e-02 7.067461610e-01 1.000000015e-01 2.700000107e-01 7
98
99 -2.828297913e-01 -3.710447252e-02 8.473936915e-01 1.000000015e-01 2.700000107e-01
