22 serialization::archive 19 1 0
0 0 0 1 0
1 1 0
2 0.000000000e+00 0.000000000e+00 0.000000000e+00
3 0.000000000e+00 0.000000000e+00 0.000000000e+00 4 10 Difference 1 0
4 0 0
5
6 0.000000000e+00 0.000000000e+00 0.000000000e+00
7 0.000000000e+00 0.000000000e+00 0.000000000e+00 4
8
9
10 0.000000000e+00 0.000000000e+00 0.000000000e+00
11 0.000000000e+00 0.000000000e+00 0.000000000e+00 4
12
13
14 0.000000000e+00 0.000000000e+00 0.000000000e+00
15 0.000000000e+00 0.000000000e+00 0.000000000e+00 4
16
17
18 0.000000000e+00 0.000000000e+00 0.000000000e+00
19 0.000000000e+00 0.000000000e+00 0.000000000e+00 4
20
21
22 0.000000000e+00 0.000000000e+00 0.000000000e+00
23 0.000000000e+00 0.000000000e+00 0.000000000e+00 4
24
25
26 0.000000000e+00 0.000000000e+00 0.000000000e+00
27 0.000000000e+00 0.000000000e+00 0.000000000e+00 4
28
29
30 0.000000000e+00 0.000000000e+00 0.000000000e+00
31 0.000000000e+00 0.000000000e+00 0.000000000e+00 4
32
33
34 0.000000000e+00 0.000000000e+00 0.000000000e+00
35 0.000000000e+00 0.000000000e+00 0.000000000e+00 4
36
37
38 0.000000000e+00 0.000000000e+00 0.000000000e+00
39 0.000000000e+00 0.000000000e+00 0.000000000e+00 4
40
41
42 0.000000000e+00 0.000000000e+00 0.000000000e+00
43 0.000000000e+00 0.000000000e+00 0.000000000e+00 4
44
45
46 0.000000000e+00 0.000000000e+00 0.000000000e+00
47 0.000000000e+00 0.000000000e+00 0.000000000e+00 4
48
49
50 0.000000000e+00 0.000000000e+00 0.000000000e+00
51 0.000000000e+00 0.000000000e+00 0.000000000e+00 4
52
53
54 0.000000000e+00 0.000000000e+00 0.000000000e+00
55 0.000000000e+00 0.000000000e+00 0.000000000e+00 4
56
57
58 0.000000000e+00 0.000000000e+00 0.000000000e+00
59 0.000000000e+00 0.000000000e+00 0.000000000e+00 4
60
61
62 0.000000000e+00 0.000000000e+00 0.000000000e+00
63 0.000000000e+00 0.000000000e+00 0.000000000e+00 4
64
65
66 0.000000000e+00 0.000000000e+00 0.000000000e+00
67 0.000000000e+00 0.000000000e+00 0.000000000e+00 4
68
69
70 0.000000000e+00 0.000000000e+00 0.000000000e+00
71 0.000000000e+00 0.000000000e+00 0.000000000e+00 4
72
73
74 0.000000000e+00 0.000000000e+00 0.000000000e+00
75 0.000000000e+00 0.000000000e+00 0.000000000e+00 4
76
77
78 0.000000000e+00 0.000000000e+00 0.000000000e+00
79 0.000000000e+00 0.000000000e+00 0.000000000e+00 4
80
81
82 0.000000000e+00 0.000000000e+00 0.000000000e+00
83 0.000000000e+00 0.000000000e+00 0.000000000e+00 4
84
85
86 0.000000000e+00 0.000000000e+00 0.000000000e+00
87 0.000000000e+00 0.000000000e+00 0.000000000e+00 4
88
89
90 0.000000000e+00 0.000000000e+00 0.000000000e+00
91 0.000000000e+00 0.000000000e+00 0.000000000e+00 4
92
93
94 0.000000000e+00 0.000000000e+00 0.000000000e+00
95 0.000000000e+00 0.000000000e+00 0.000000000e+00 4
96
97
98 0.000000000e+00 0.000000000e+00 0.000000000e+00
99 0.000000000e+00 0.000000000e+00 0.000000000e+00 4
100
101
102 0.000000000e+00 0.000000000e+00 0.000000000e+00
103 0.000000000e+00 0.000000000e+00 0.000000000e+00 4
104
105
106 0.000000000e+00 0.000000000e+00 0.000000000e+00
107 0.000000000e+00 0.000000000e+00 0.000000000e+00 4
108
109
110 0.000000000e+00 0.000000000e+00 0.000000000e+00
111 0.000000000e+00 0.000000000e+00 0.000000000e+00 4
112
113
114 0.000000000e+00 0.000000000e+00 0.000000000e+00
115 0.000000000e+00 0.000000000e+00 0.000000000e+00 4
116
117
118 0.000000000e+00 0.000000000e+00 0.000000000e+00
119 0.000000000e+00 0.000000000e+00 0.000000000e+00 4
120
121
122 0.000000000e+00 0.000000000e+00 0.000000000e+00
123 0.000000000e+00 0.000000000e+00 0.000000000e+00 4
124
125
126 0.000000000e+00 0.000000000e+00 0.000000000e+00
127 0.000000000e+00 0.000000000e+00 0.000000000e+00 4
128
129
130 0.000000000e+00 0.000000000e+00 0.000000000e+00
131 0.000000000e+00 0.000000000e+00 0.000000000e+00 4
132
133
134 0.000000000e+00 0.000000000e+00 0.000000000e+00
135 0.000000000e+00 0.000000000e+00 0.000000000e+00 4
136
137
138 0.000000000e+00 0.000000000e+00 0.000000000e+00
139 0.000000000e+00 0.000000000e+00 0.000000000e+00 4
140
141
142 0.000000000e+00 0.000000000e+00 0.000000000e+00
143 0.000000000e+00 0.000000000e+00 0.000000000e+00 4
144
145
146 0.000000000e+00 0.000000000e+00 0.000000000e+00
147 0.000000000e+00 0.000000000e+00 0.000000000e+00 4
148
149
150 0.000000000e+00 0.000000000e+00 0.000000000e+00
151 0.000000000e+00 0.000000000e+00 0.000000000e+00 4
152
153
154 0.000000000e+00 0.000000000e+00 0.000000000e+00
155 0.000000000e+00 0.000000000e+00 0.000000000e+00 4
156
157
158 0.000000000e+00 0.000000000e+00 0.000000000e+00
159 0.000000000e+00 0.000000000e+00 0.000000000e+00 4
160
161
162 0.000000000e+00 0.000000000e+00 0.000000000e+00
163 0.000000000e+00 0.000000000e+00 0.000000000e+00 4
164
165
166 0.000000000e+00 0.000000000e+00 0.000000000e+00
167 0.000000000e+00 0.000000000e+00 0.000000000e+00 4
168
169
170 0.000000000e+00 0.000000000e+00 0.000000000e+00
171 0.000000000e+00 0.000000000e+00 0.000000000e+00 4
172
173
174 0.000000000e+00 0.000000000e+00 0.000000000e+00
175 0.000000000e+00 0.000000000e+00 0.000000000e+00 4
176
177
178 0.000000000e+00 0.000000000e+00 0.000000000e+00
179 0.000000000e+00 0.000000000e+00 0.000000000e+00 4
180
181
182 0.000000000e+00 0.000000000e+00 0.000000000e+00
183 0.000000000e+00 0.000000000e+00 0.000000000e+00 4
184
185
186 0.000000000e+00 0.000000000e+00 0.000000000e+00
187 0.000000000e+00 0.000000000e+00 0.000000000e+00 4
188
189
190 0.000000000e+00 0.000000000e+00 0.000000000e+00
191 0.000000000e+00 0.000000000e+00 0.000000000e+00 4
192
193
194 0.000000000e+00 0.000000000e+00 0.000000000e+00
195 0.000000000e+00 0.000000000e+00 0.000000000e+00 4
196
197
198 0.000000000e+00 0.000000000e+00 0.000000000e+00
199 0.000000000e+00 0.000000000e+00 0.000000000e+00 4
200
201
202 0.000000000e+00 0.000000000e+00 0.000000000e+00
203 0.000000000e+00 0.000000000e+00 0.000000000e+00 4
204
205
206 0.000000000e+00 0.000000000e+00 0.000000000e+00
207 0.000000000e+00 0.000000000e+00 0.000000000e+00 4
208
209
210 0.000000000e+00 0.000000000e+00 0.000000000e+00
211 0.000000000e+00 0.000000000e+00 0.000000000e+00 4
212
213
214 0.000000000e+00 0.000000000e+00 0.000000000e+00
215 0.000000000e+00 0.000000000e+00 0.000000000e+00 4
216
217
218 0.000000000e+00 0.000000000e+00 0.000000000e+00
219 0.000000000e+00 0.000000000e+00 0.000000000e+00 4
220
221
222 0.000000000e+00 0.000000000e+00 0.000000000e+00
223 0.000000000e+00 0.000000000e+00 0.000000000e+00 4
224
225
226 0.000000000e+00 0.000000000e+00 0.000000000e+00
227 0.000000000e+00 0.000000000e+00 0.000000000e+00 4
228
229
230 0.000000000e+00 0.000000000e+00 0.000000000e+00
231 0.000000000e+00 0.000000000e+00 0.000000000e+00 4
232
233
234 0.000000000e+00 0.000000000e+00 0.000000000e+00
235 0.000000000e+00 0.000000000e+00 0.000000000e+00 4
236
237
238 0.000000000e+00 0.000000000e+00 0.000000000e+00
239 0.000000000e+00 0.000000000e+00 0.000000000e+00 4
240
241
242 0.000000000e+00 0.000000000e+00 0.000000000e+00
243 0.000000000e+00 0.000000000e+00 0.000000000e+00 4
244
245
246 0.000000000e+00 0.000000000e+00 0.000000000e+00
247 0.000000000e+00 0.000000000e+00 0.000000000e+00 4
248
249
250 0.000000000e+00 0.000000000e+00 0.000000000e+00
251 0.000000000e+00 0.000000000e+00 0.000000000e+00 4
252
253
254 0.000000000e+00 0.000000000e+00 0.000000000e+00
255 0.000000000e+00 0.000000000e+00 0.000000000e+00 4
256
257
258 0.000000000e+00 0.000000000e+00 0.000000000e+00
259 0.000000000e+00 0.000000000e+00 0.000000000e+00 4
260
261
262 0.000000000e+00 0.000000000e+00 0.000000000e+00
263 0.000000000e+00 0.000000000e+00 0.000000000e+00 4
264
265
266 0.000000000e+00 0.000000000e+00 0.000000000e+00
267 0.000000000e+00 0.000000000e+00 0.000000000e+00 4
268
269
270 0.000000000e+00 0.000000000e+00 0.000000000e+00
271 0.000000000e+00 0.000000000e+00 0.000000000e+00 4
272
273
274 0.000000000e+00 0.000000000e+00 0.000000000e+00
275 0.000000000e+00 0.000000000e+00 0.000000000e+00 4
276
277
278 0.000000000e+00 0.000000000e+00 0.000000000e+00
279 0.000000000e+00 0.000000000e+00 0.000000000e+00 4
280
281
282 0.000000000e+00 0.000000000e+00 0.000000000e+00
283 0.000000000e+00 0.000000000e+00 0.000000000e+00 4
284
285
286 0.000000000e+00 0.000000000e+00 0.000000000e+00
287 0.000000000e+00 0.000000000e+00 0.000000000e+00 4
288
289
290 0.000000000e+00 0.000000000e+00 0.000000000e+00
291 0.000000000e+00 0.000000000e+00 0.000000000e+00 4
292
293
294 0.000000000e+00 0.000000000e+00 0.000000000e+00
295 0.000000000e+00 0.000000000e+00 0.000000000e+00 4
296
297
298 0.000000000e+00 0.000000000e+00 0.000000000e+00
299 0.000000000e+00 0.000000000e+00 0.000000000e+00 4
300
301
302 0.000000000e+00 0.000000000e+00 0.000000000e+00
303 0.000000000e+00 0.000000000e+00 0.000000000e+00 4
304
305
306 0.000000000e+00 0.000000000e+00 0.000000000e+00
307 0.000000000e+00 0.000000000e+00 0.000000000e+00 4
308
309
310 0.000000000e+00 0.000000000e+00 0.000000000e+00
311 0.000000000e+00 0.000000000e+00 0.000000000e+00 4
312
313
314 0.000000000e+00 0.000000000e+00 0.000000000e+00
315 0.000000000e+00 0.000000000e+00 0.000000000e+00 4
316
317
318 0.000000000e+00 0.000000000e+00 0.000000000e+00
319 0.000000000e+00 0.000000000e+00 0.000000000e+00 4
320
321
322 0.000000000e+00 0.000000000e+00 0.000000000e+00
323 0.000000000e+00 0.000000000e+00 0.000000000e+00 4
324
325
326 0.000000000e+00 0.000000000e+00 0.000000000e+00
327 0.000000000e+00 0.000000000e+00 0.000000000e+00 4
328
329
330 0.000000000e+00 0.000000000e+00 0.000000000e+00
331 0.000000000e+00 0.000000000e+00 0.000000000e+00 4
332
333
334 0.000000000e+00 0.000000000e+00 0.000000000e+00
335 0.000000000e+00 0.000000000e+00 0.000000000e+00 4
336
337
338 0.000000000e+00 0.000000000e+00 0.000000000e+00
339 0.000000000e+00 0.000000000e+00 0.000000000e+00 4
340
341
342 0.000000000e+00 0.000000000e+00 0.000000000e+00
343 0.000000000e+00 0.000000000e+00 0.000000000e+00 4
344
345
346 0.000000000e+00 0.000000000e+00 0.000000000e+00
347 0.000000000e+00 0.000000000e+00 0.000000000e+00 4
348
349
350 0.000000000e+00 0.000000000e+00 0.000000000e+00
351 0.000000000e+00 0.000000000e+00 0.000000000e+00 4
352
353
354 0.000000000e+00 0.000000000e+00 0.000000000e+00
355 0.000000000e+00 0.000000000e+00 0.000000000e+00 4
356
357
358 0.000000000e+00 0.000000000e+00 0.000000000e+00
359 0.000000000e+00 0.000000000e+00 0.000000000e+00 4
360
361
362 0.000000000e+00 0.000000000e+00 0.000000000e+00
363 0.000000000e+00 0.000000000e+00 0.000000000e+00 4
364
365
366 0.000000000e+00 0.000000000e+00 0.000000000e+00
367 0.000000000e+00 0.000000000e+00 0.000000000e+00 4
368
369
370 0.000000000e+00 0.000000000e+00 0.000000000e+00
371 0.000000000e+00 0.000000000e+00 0.000000000e+00 4
372
373
374 0.000000000e+00 0.000000000e+00 0.000000000e+00
375 0.000000000e+00 0.000000000e+00 0.000000000e+00 4
376
377
378 0.000000000e+00 0.000000000e+00 0.000000000e+00
379 0.000000000e+00 0.000000000e+00 0.000000000e+00 4
380
381
382 0.000000000e+00 0.000000000e+00 0.000000000e+00
383 0.000000000e+00 0.000000000e+00 0.000000000e+00 4
384
385
386 0.000000000e+00 0.000000000e+00 0.000000000e+00
387 0.000000000e+00 0.000000000e+00 0.000000000e+00 4
388
389
390 0.000000000e+00 0.000000000e+00 0.000000000e+00
391 0.000000000e+00 0.000000000e+00 0.000000000e+00 4
392
393
394 0.000000000e+00 0.000000000e+00 0.000000000e+00
395 0.000000000e+00 0.000000000e+00 0.000000000e+00 4
396
397
398 0.000000000e+00 0.000000000e+00 0.000000000e+00
399 0.000000000e+00 0.000000000e+00 0.000000000e+00 4
400
401
402 0.000000000e+00 0.000000000e+00 0.000000000e+00
403 0.000000000e+00 0.000000000e+00 0.000000000e+00 4
404
405
406 0.000000000e+00 0.000000000e+00 0.000000000e+00
407 0.000000000e+00 0.000000000e+00 0.000000000e+00 4
408
409
410 0.000000000e+00 0.000000000e+00 0.000000000e+00
411 0.000000000e+00 0.000000000e+00 0.000000000e+00 4
412
413
414 0.000000000e+00 0.000000000e+00 0.000000000e+00
415 0.000000000e+00 0.000000000e+00 0.000000000e+00 4
416
417
418 0.000000000e+00 0.000000000e+00 0.000000000e+00
419 0.000000000e+00 0.000000000e+00 0.000000000e+00 4
420
421
422 0.000000000e+00 0.000000000e+00 0.000000000e+00
423 0.000000000e+00 0.000000000e+00 0.000000000e+00 4
424
425
426 0.000000000e+00 0.000000000e+00 0.000000000e+00
427 0.000000000e+00 0.000000000e+00 0.000000000e+00 4
428
429
430 0.000000000e+00 0.000000000e+00 0.000000000e+00
431 0.000000000e+00 0.000000000e+00 0.000000000e+00 4
432
433
434 0.000000000e+00 0.000000000e+00 0.000000000e+00
435 0.000000000e+00 0.000000000e+00 0.000000000e+00 4
436
437
438 0.000000000e+00 0.000000000e+00 0.000000000e+00
439 0.000000000e+00 0.000000000e+00 0.000000000e+00 4
440
441
442 0.000000000e+00 0.000000000e+00 0.000000000e+00
443 0.000000000e+00 0.000000000e+00 0.000000000e+00 4
444
445
446 0.000000000e+00 0.000000000e+00 0.000000000e+00
447 0.000000000e+00 0.000000000e+00 0.000000000e+00 4
448
449
450 0.000000000e+00 0.000000000e+00 0.000000000e+00
451 0.000000000e+00 0.000000000e+00 0.000000000e+00 4
452
453
454 0.000000000e+00 0.000000000e+00 0.000000000e+00
455 0.000000000e+00 0.000000000e+00 0.000000000e+00 4
456
457
458 0.000000000e+00 0.000000000e+00 0.000000000e+00
459 0.000000000e+00 0.000000000e+00 0.000000000e+00 4
460
461
462 0.000000000e+00 0.000000000e+00 0.000000000e+00
463 0.000000000e+00 0.000000000e+00 0.000000000e+00 4
464
465
466 0.000000000e+00 0.000000000e+00 0.000000000e+00
467 0.000000000e+00 0.000000000e+00 0.000000000e+00 4
468
469
470 0.000000000e+00 0.000000000e+00 0.000000000e+00
471 0.000000000e+00 0.000000000e+00 0.000000000e+00 4
472
473
474 0.000000000e+00 0.000000000e+00 0.000000000e+00
475 0.000000000e+00 0.000000000e+00 0.000000000e+00 4
476
477
478 0.000000000e+00 0.000000000e+00 0.000000000e+00
479 0.000000000e+00 0.000000000e+00 0.000000000e+00 4
480
481
482 0.000000000e+00 0.000000000e+00 0.000000000e+00
483 0.000000000e+00 0.000000000e+00 0.000000000e+00 4
484
485
486 0.000000000e+00 0.000000000e+00 0.000000000e+00
487 0.000000000e+00 0.000000000e+00 0.000000000e+00 4
488
489
490 0.000000000e+00 0.000000000e+00 0.000000000e+00
491 0.000000000e+00 0.000000000e+00 0.000000000e+00 4
492
493
494 0.000000000e+00 0.000000000e+00 0.000000000e+00
495 0.000000000e+00 0.000000000e+00 0.000000000e+00 4
496
497
498 0.000000000e+00 0.000000000e+00 0.000000000e+00
499 0.000000000e+00 0.000000000e+00 0.000000000e+00 4
500
501
502 0.000000000e+00 0.000000000e+00 0.000000000e+00
503 0.000000000e+00 0.000000000e+00 0.000000000e+00 4
504
505
506 0.000000000e+00 0.000000000e+00 0.000000000e+00
507 0.000000000e+00 0.000000000e+00 0.000000000e+00 4
508
509
510 0.000000000e+00 0.000000000e+00 0.000000000e+00
511 0.000000000e+00 0.000000000e+00 0.000000000e+00 4
512
513
514 0.000000000e+00 0.000000000e+00 0.000000000e+00
515 0.000000000e+00 0.000000000e+00 0.000000000e+00 4
516
517
518 0.000000000e+00 0.000000000e+00 0.000000000e+00
519 0.000000000e+00 0.000000000e+00 0.000000000e+00 4
520
521
522 0.000000000e+00 0.000000000e+00 0.000000000e+00
523 0.000000000e+00 0.000000000e+00 0.000000000e+00 4
524
525
526 0.000000000e+00 0.000000000e+00 0.000000000e+00
527 0.000000000e+00 0.000000000e+00 0.000000000e+00 4
528
529
530 0.000000000e+00 0.000000000e+00 0.000000000e+00
531 0.000000000e+00 0.000000000e+00 0.000000000e+00 4
532
533
534 0.000000000e+00 0.000000000e+00 0.000000000e+00
535 0.000000000e+00 0.000000000e+00 0.000000000e+00 4
536
537
538 0.000000000e+00 0.000000000e+00 0.000000000e+00
539 0.000000000e+00 0.000000000e+00 0.000000000e+00 4
540
541
542 0.000000000e+00 0.000000000e+00 0.000000000e+00
543 0.000000000e+00 0.000000000e+00 0.000000000e+00 4
544
545
546 0.000000000e+00 0.000000000e+00 0.000000000e+00
547 0.000000000e+00 0.000000000e+00 0.000000000e+00 4
548
549
550 0.000000000e+00 0.000000000e+00 0.000000000e+00
551 0.000000000e+00 0.000000000e+00 0.000000000e+00 4
552
553
554 0.000000000e+00 0.000000000e+00 0.000000000e+00
555 0.000000000e+00 0.000000000e+00 0.000000000e+00 4
556
557
558 0.000000000e+00 0.000000000e+00 0.000000000e+00
559 0.000000000e+00 0.000000000e+00 0.000000000e+00 4
560
561
562 0.000000000e+00 0.000000000e+00 0.000000000e+00
563 0.000000000e+00 0.000000000e+00 0.000000000e+00 4
564
565
566 0.000000000e+00 0.000000000e+00 0.000000000e+00
567 0.000000000e+00 0.000000000e+00 0.000000000e+00 4
568
569
570 0.000000000e+00 0.000000000e+00 0.000000000e+00
571 0.000000000e+00 0.000000000e+00 0.000000000e+00 4
572
573
574 0.000000000e+00 0.000000000e+00 0.000000000e+00
575 0.000000000e+00 0.000000000e+00 0.000000000e+00 4
576
577
578 0.000000000e+00 0.000000000e+00 0.000000000e+00
579 0.000000000e+00 0.000000000e+00 0.000000000e+00 4
580
581
582 0.000000000e+00 0.000000000e+00 0.000000000e+00
583 0.000000000e+00 0.000000000e+00 0.000000000e+00 4
584
585
586 0.000000000e+00 0.000000000e+00 0.000000000e+00
587 0.000000000e+00 0.000000000e+00 0.000000000e+00 4
588
589
590 0.000000000e+00 0.000000000e+00 0.000000000e+00
591 0.000000000e+00 0.000000000e+00 0.000000000e+00 4
592
593
594 0.000000000e+00 0.000000000e+00 0.000000000e+00
595 0.000000000e+00 0.000000000e+00 0.000000000e+00 4
596
597
598 0.000000000e+00 0.000000000e+00 0.000000000e+00
599 0.000000000e+00 0.000000000e+00 0.000000000e+00 4
600
601
602 0.000000000e+00 0.000000000e+00 0.000000000e+00
603 0.000000000e+00 0.000000000e+00 0.000000000e+00 4
604
605
606 0.000000000e+00 0.000000000e+00 0.000000000e+00
607 0.000000000e+00 0.000000000e+00 0.000000000e+00 4
608
609
610 0.000000000e+00 0.000000000e+00 0.000000000e+00
611 0.000000000e+00 0.000000000e+00 0.000000000e+00 4
612
613
614 0.000000000e+00 0.000000000e+00 0.000000000e+00
615 0.000000000e+00 0.000000000e+00 0.000000000e+00 4
616
617
618 0.000000000e+00 0.000000000e+00 0.000000000e+00
619 0.000000000e+00 0.000000000e+00 0.000000000e+00 4
620
621
622 0.000000000e+00 0.000000000e+00 0.000000000e+00
623 0.000000000e+00 0.000000000e+00 0.000000000e+00 4
624
625
626 0.000000000e+00 0.000000000e+00 0.000000000e+00
627 0.000000000e+00 0.000000000e+00 0.000000000e+00 4
628
629
630 0.000000000e+00 0.000000000e+00 0.000000000e+00
631 0.000000000e+00 0.000000000e+00 0.000000000e+00 4
632
633
634 0.000000000e+00 0.000000000e+00 0.000000000e+00
635 0.000000000e+00 0.000000000e+00 0.000000000e+00 4
636
637
638 0.000000000e+00 0.000000000e+00 0.000000000e+00
639 0.000000000e+00 0.000000000e+00 0.000000000e+00 4
640
641
642 0.000000000e+00 0.000000000e+00 0.000000000e+00
643 0.000000000e+00 0.000000000e+00 0.000000000e+00 4
644
645
646 0.000000000e+00 0.000000000e+00 0.000000000e+00
647 0.000000000e+00 0.000000000e+00 0.000000000e+00 4
648
649
650 0.000000000e+00 0.000000000e+00 0.000000000e+00
651 0.000000000e+00 0.000000000e+00 0.000000000e+00 4
652
653
654 0.000000000e+00 0.000000000e+00 0.000000000e+00
655 0.000000000e+00 0.000000000e+00 0.000000000e+00 4
656
657
658 0.000000000e+00 0.000000000e+00 0.000000000e+00
659 0.000000000e+00 0.000000000e+00 0.000000000e+00 4
660
661
662 0.000000000e+00 0.000000000e+00 0.000000000e+00
663 0.000000000e+00 0.000000000e+00 0.000000000e+00 4
664
665
666 0.000000000e+00 0.000000000e+00 0.000000000e+00
667 0.000000000e+00 0.000000000e+00 0.000000000e+00 4
668
669
670 0.000000000e+00 0.000000000e+00 0.000000000e+00
671 0.000000000e+00 0.000000000e+00 0.000000000e+00 4
672
673
674 0.000000000e+00 0.000000000e+00 0.000000000e+00
675 0.000000000e+00 0.000000000e+00 0.000000000e+00 4
676
677
678 0.000000000e+00 0.000000000e+00 0.000000000e+00
679 0.000000000e+00 0.000000000e+00 0.000000000e+00 4
680
681
682 0.000000000e+00 0.000000000e+00 0.000000000e+00
683 0.000000000e+00 0.000000000e+00 0.000000000e+00 4
684
685
686 0.000000000e+00 0.000000000e+00 0.000000000e+00
687 0.000000000e+00 0.000000000e+00 0.000000000e+00 4
688
689
690 0.000000000e+00 0.000000000e+00 0.000000000e+00
691 0.000000000e+00 0.000000000e+00 0.000000000e+00 4
692
693
694 0.000000000e+00 0.000000000e+00 0.000000000e+00
695 0.000000000e+00 0.000000000e+00 0.000000000e+00 4
696
697
698 0.000000000e+00 0.000000000e+00 0.000000000e+00
699 0.000000000e+00 0.000000000e+00 0.000000000e+00 4
700
701
702 0.000000000e+00 0.000000000e+00 0.000000000e+00
703 0.000000000e+00 0.000000000e+00 0.000000000e+00 4
704
705
706 0.000000000e+00 0.000000000e+00 0.000000000e+00
707 0.000000000e+00 0.000000000e+00 0.000000000e+00 4
708
709
710 0.000000000e+00 0.000000000e+00 0.000000000e+00
711 0.000000000e+00 0.000000000e+00 0.000000000e+00 4
712
713
714 0.000000000e+00 0.000000000e+00 0.000000000e+00
715 0.000000000e+00 0.000000000e+00 0.000000000e+00 4
716
717
718 0.000000000e+00 0.000000000e+00 0.000000000e+00
719 0.000000000e+00 0.000000000e+00 0.000000000e+00 4
720
721
722 0.000000000e+00 0.000000000e+00 0.000000000e+00
723 0.000000000e+00 0.000000000e+00 0.000000000e+00 4
724
725
726 0.000000000e+00 0.000000000e+00 0.000000000e+00
727 0.000000000e+00 0.000000000e+00 0.000000000e+00 4
728
729
730 0.000000000e+00 0.000000000e+00 0.000000000e+00
731 0.000000000e+00 0.000000000e+00 0.000000000e+00 4
732
733
734 0.000000000e+00 0.000000000e+00 0.000000000e+00
735 0.000000000e+00 0.000000000e+00 0.000000000e+00 4
736
737
738 0.000000000e+00 0.000000000e+00 0.000000000e+00
739 0.000000000e+00 0.000000000e+00 0.000000000e+00 4
740
741
742 0.000000000e+00 0.000000000e+00 0.000000000e+00
743 0.000000000e+00 0.000000000e+00 0.000000000e+00 4
744
745
746 0.000000000e+00 0.000000000e+00 0.000000000e+00
747 0.000000000e+00 0.000000000e+00 0.000000000e+00 4
748
749
750 0.000000000e+00 0.000000000e+00 0.000000000e+00
751 0.000000000e+00 0.000000000e+00 0.000000000e+00 4
752
753
754 0.000000000e+00 0.000000000e+00 0.000000000e+00
755 0.000000000e+00 0.000000000e+00 0.000000000e+00 4
756
757
758 0.000000000e+00 0.000000000e+00 0.000000000e+00
759 0.000000000e+00 0.000000000e+00 0.000000000e+00 4
760
761
762 0.000000000e+00 0.000000000e+00 0.000000000e+00
763 0.000000000e+00 0.000000000e+00 0.000000000e+00 4
764
765
766 0.000000000e+00 0.000000000e+00 0.000000000e+00
767 0.000000000e+00 0.000000000e+00 0.000000000e+00 4
768
769
770 0.000000000e+00 0.000000000e+00 0.000000000e+00
771 0.000000000e+00 0.000000000e+00 0.000000000e+00 4
772
773
774 0.000000000e+00 0.000000000e+00 0.000000000e+00
775 0.000000000e+00 0.000000000e+00 0.000000000e+00 4
776
777
778 0.000000000e+00 0.000000000e+00 0.000000000e+00
779 0.000000000e+00 0.000000000e+00 0.000000000e+00 4
780
781
782 0.000000000e+00 0.000000000e+00 0.000000000e+00
783 0.000000000e+00 0.000000000e+00 0.000000000e+00 4
784
785
786 0.000000000e+00 0.000000000e+00 0.000000000e+00
787 0.000000000e+00 0.000000000e+00 0.000000000e+00 4
788
789
790 0.000000000e+00 0.000000000e+00 0.000000000e+00
791 0.000000000e+00 0.000000000e+00 0.000000000e+00 4
792
793
794 0.000000000e+00 0.000000000e+00 0.000000000e+00
795 0.000000000e+00 0.000000000e+00 0.000000000e+00 4
796
797
798 0.000000000e+00 0.000000000e+00 0.000000000e+00
799 0.000000000e+00 0.000000000e+00 0.000000000e+00 4
800
801
802 0.000000000e+00 0.000000000e+00 0.000000000e+00
803 0.000000000e+00 0.000000000e+00 0.000000000e+00 6 16 DifferenceSmooth 1 0
804
805
806 0.000000000e+00 0.000000000e+00 0.000000000e+00
807 0.000000000e+00 0.000000000e+00 0.000000000e+00 6
808
809
810 0.000000000e+00 0.000000000e+00 0.000000000e+00
811 0.000000000e+00 0.000000000e+00 0.000000000e+00 7 5 Union 1 0
812
813
814 0.000000000e+00 0.000000000e+00 0.000000000e+00
815 0.000000000e+00 0.000000000e+00 0.000000000e+00 7
816
817
818 0.000000000e+00 0.000000000e+00 0.000000000e+00
819 0.000000000e+00 0.000000000e+00 0.000000000e+00 8 11 UnionSmooth 1 0
820
821
822 0.000000000e+00 0.000000000e+00 0.000000000e+00
823 0.000000000e+00 0.000000000e+00 0.000000000e+00 8
824
825
826 0.000000000e+00 0.000000000e+00 0.000000000e+00
827 0.000000000e+00 0.000000000e+00 0.000000000e+00 6
828
829
830 0.000000000e+00 0.000000000e+00 0.000000000e+00
831 0.000000000e+00 0.000000000e+00 0.000000000e+00 6
832
833
834 0.000000000e+00 0.000000000e+00 0.000000000e+00
835 0.000000000e+00 0.000000000e+00 0.000000000e+00 6
836
837
838 0.000000000e+00 0.000000000e+00 0.000000000e+00
839 0.000000000e+00 0.000000000e+00 0.000000000e+00 6
840
841
842 0.000000000e+00 0.000000000e+00 0.000000000e+00
843 0.000000000e+00 0.000000000e+00 0.000000000e+00 6
844
845
846 0.000000000e+00 0.000000000e+00 0.000000000e+00
847 0.000000000e+00 0.000000000e+00 0.000000000e+00 6
848
849
850 0.000000000e+00 0.000000000e+00 0.000000000e+00
851 0.000000000e+00 0.000000000e+00 0.000000000e+00 6
852
853
854 0.000000000e+00 0.000000000e+00 0.000000000e+00
855 0.000000000e+00 0.000000000e+00 0.000000000e+00 6
856
857
858 0.000000000e+00 0.000000000e+00 0.000000000e+00
859 0.000000000e+00 0.000000000e+00 0.000000000e+00 6
860
861
862 0.000000000e+00 0.000000000e+00 0.000000000e+00
863 0.000000000e+00 0.000000000e+00 0.000000000e+00 6
864
865
866 0.000000000e+00 0.000000000e+00 0.000000000e+00
867 0.000000000e+00 0.000000000e+00 0.000000000e+00 6
868
869
870 0.000000000e+00 0.000000000e+00 0.000000000e+00
871 0.000000000e+00 0.000000000e+00 0.000000000e+00 6
872
873
874 0.000000000e+00 0.000000000e+00 0.000000000e+00
875 0.000000000e+00 0.000000000e+00 0.000000000e+00 6
876
877
878 0.000000000e+00 0.000000000e+00 0.000000000e+00
879 0.000000000e+00 0.000000000e+00 0.000000000e+00 6
880
881
882 0.000000000e+00 0.000000000e+00 0.000000000e+00
883 0.000000000e+00 0.000000000e+00 0.000000000e+00 6
884
885
886 0.000000000e+00 0.000000000e+00 0.000000000e+00
887 0.000000000e+00 0.000000000e+00 0.000000000e+00 6
888
889
890 0.000000000e+00 0.000000000e+00 0.000000000e+00
891 0.000000000e+00 0.000000000e+00 0.000000000e+00 6
892
893
894 0.000000000e+00 0.000000000e+00 0.000000000e+00
895 0.000000000e+00 0.000000000e+00 0.000000000e+00 6
896
897
898 0.000000000e+00 0.000000000e+00 0.000000000e+00
899 0.000000000e+00 0.000000000e+00 0.000000000e+00 4
900
901
902 0.000000000e+00 0.000000000e+00 0.000000000e+00
903 0.000000000e+00 0.000000000e+00 0.000000000e+00 4
904
905
906 0.000000000e+00 0.000000000e+00 0.000000000e+00
907 0.000000000e+00 0.000000000e+00 0.000000000e+00 9 4 Cube 1 0
908
909
910 0.000000000e+00 0.000000000e+00 0.000000000e+00
911 0.000000000e+00 0.000000000e+00 0.000000000e+00
912 0.000000000e+00 0.000000000e+00 0.000000000e+00 1.000000000e+00 10 7 Capsule 1 0
913 909
914 -4.999992549e-01 4.261906072e-02 -2.903997898e-01 1.000000015e-01 4.000000060e-01 10
915
916
917 0.000000000e+00 0.000000000e+00 0.000000000e+00
918 0.000000000e+00 0.000000000e+00 0.000000000e+00
919 -4.999999404e-01 5.587181821e-02 2.754584253e-01 1.000000015e-01 4.000000060e-01 11 6 Sphere 1 0
920
921
922 0.000000000e+00 0.000000000e+00 0.000000000e+00
923 0.000000000e+00 0.000000000e+00 0.000000000e+00
924 -5.000002384e-01 -1.799449623e-01 -3.268915415e-02 9.999999776e-03 1.899999976e-01 11
925
926
927 0.000000000e+00 0.000000000e+00 0.000000000e+00
928 0.000000000e+00 0.000000000e+00 0.000000000e+00
929 -4.533726573e-01 -1.633763015e-01 -1.717731357e-03 9.999999776e-03 1.899999976e-01 11
930
931
932 0.000000000e+00 0.000000000e+00 0.000000000e+00
933 0.000000000e+00 0.000000000e+00 0.000000000e+00
934 -3.992266953e-01 -1.647498161e-01 -2.931368304e-03 9.999999776e-03 1.899999976e-01 11
935
936
937 0.000000000e+00 0.000000000e+00 0.000000000e+00
938 0.000000000e+00 0.000000000e+00 0.000000000e+00
939 -3.463651240e-01 -1.660907567e-01 -4.116217140e-03 9.999999776e-03 1.899999976e-01 11
940
941
942 0.000000000e+00 0.000000000e+00 0.000000000e+00
943 0.000000000e+00 0.000000000e+00 0.000000000e+00
944 -2.936998904e-01 -1.674267203e-01 -5.296664778e-03 9.999999776e-03 1.899999976e-01 11
945
946
947 0.000000000e+00 0.000000000e+00 0.000000000e+00
948 0.000000000e+00 0.000000000e+00 0.000000000e+00
949 -2.410875559e-01 -1.687613130e-01 -6.475927308e-03 9.999999776e-03 1.899999976e-01 11
950
951
952 0.000000000e+00 0.000000000e+00 0.000000000e+00
953 0.000000000e+00 0.000000000e+00 0.000000000e+00
954 -1.884783357e-01 -1.700958610e-01 -7.655120920e-03 9.999999776e-03 1.899999976e-01 11
955
956
957 0.000000000e+00 0.000000000e+00 0.000000000e+00
958 0.000000000e+00 0.000000000e+00 0.000000000e+00
959 -1.356315464e-01 -1.714364290e-01 -8.839637041e-03 9.999999776e-03 1.899999976e-01 11
960
961
962 0.000000000e+00 0.000000000e+00 0.000000000e+00
963 0.000000000e+00 0.000000000e+00 0.000000000e+00
964 -8.275409043e-02 -1.727777570e-01 -1.002484281e-02 9.999999776e-03 1.899999976e-01 11
965
966
967 0.000000000e+00 0.000000000e+00 0.000000000e+00
968 0.000000000e+00 0.000000000e+00 0.000000000e+00
969 -2.989795245e-02 -1.741185635e-01 -1.120956894e-02 9.999999776e-03 1.899999976e-01 11
970
971
972 0.000000000e+00 0.000000000e+00 0.000000000e+00
973 0.000000000e+00 0.000000000e+00 0.000000000e+00
974 2.294603549e-02 -1.754590273e-01 -1.239402499e-02 9.999999776e-03 1.899999976e-01 11
975
976
977 0.000000000e+00 0.000000000e+00 0.000000000e+00
978 0.000000000e+00 0.000000000e+00 0.000000000e+00
979 7.579730451e-02 -1.767997295e-01 -1.357864123e-02 9.999999776e-03 1.899999976e-01 11
980
981
982 0.000000000e+00 0.000000000e+00 0.000000000e+00
983 0.000000000e+00 0.000000000e+00 0.000000000e+00
984 1.286529750e-01 -1.781405061e-01 -1.476335805e-02 9.999999776e-03 1.899999976e-01 11
985
986
987 0.000000000e+00 0.000000000e+00 0.000000000e+00
988 0.000000000e+00 0.000000000e+00 0.000000000e+00
989 1.815272570e-01 -1.794817597e-01 -1.594849117e-02 9.999999776e-03 1.899999976e-01 11
990
991
992 0.000000000e+00 0.000000000e+00 0.000000000e+00
993 0.000000000e+00 0.000000000e+00 0.000000000e+00
994 2.349572331e-01 -1.808371246e-01 -1.714607887e-02 9.999999776e-03 1.899999976e-01 11
995
996
997 0.000000000e+00 0.000000000e+00 0.000000000e+00
998 0.000000000e+00 0.000000000e+00 0.000000000e+00
999 2.893963158e-01 -1.822180599e-01 -1.836628467e-02 9.999999776e-03 1.899999976e-01 11
1000
1001
1002 0.000000000e+00 0.000000000e+00 0.000000000e+00
1003 0.000000000e+00 0.000000000e+00 0.000000000e+00
1004 3.463197649e-01 -1.836620420e-01 -1.964217983e-02 9.999999776e-03 1.899999976e-01 11
1005
1006
1007 0.000000000e+00 0.000000000e+00 0.000000000e+00
1008 0.000000000e+00 0.000000000e+00 0.000000000e+00
1009 4.113433063e-01 -1.853114665e-01 -2.109963074e-02 9.999999776e-03 1.899999976e-01 12 3 Tor 1 0
1010
1011
1012 0.000000000e+00 0.000000000e+00 0.000000000e+00
1013 0.000000000e+00 0.000000000e+00 0.000000000e+00
1014 -5.000089407e-01 -4.569965303e-01 4.174391329e-01 5.000000075e-02 2.000000030e-01 1.899999976e-01 12
1015
1016
1017 0.000000000e+00 0.000000000e+00 0.000000000e+00
1018 0.000000000e+00 0.000000000e+00 0.000000000e+00
1019 -5.000097156e-01 -4.537017643e-01 -4.718180597e-01 5.000000075e-02 2.000000030e-01 1.899999976e-01 11
1020
1021
1022 0.000000000e+00 0.000000000e+00 0.000000000e+00
1023 0.000000000e+00 0.000000000e+00 0.000000000e+00
1024 -6.959720850e-01 -4.496505260e-01 5.718131661e-01 2.000000030e-01 11
1025
1026
1027 0.000000000e+00 0.000000000e+00 0.000000000e+00
1028 0.000000000e+00 0.000000000e+00 0.000000000e+00
1029 -6.356316805e-01 -4.552133083e-01 -6.818168163e-01 2.000000030e-01 9
1030
1031
1032 0.000000000e+00 0.000000000e+00 0.000000000e+00
1033 0.000000000e+00 0.000000000e+00 0.000000000e+00
1034 -2.764120698e-01 5.000029802e-01 -2.416210324e-01 2.000000030e-01 1.539999992e-01 9
1035
1036
1037 0.000000000e+00 0.000000000e+00 0.000000000e+00
1038 0.000000000e+00 0.000000000e+00 0.000000000e+00
1039 -2.745758891e-01 5.000001788e-01 2.956082523e-01 2.000000030e-01 1.539999992e-01 11
1040
1041
1042 0.000000000e+00 0.000000000e+00 0.000000000e+00
1043 0.000000000e+00 0.000000000e+00 0.000000000e+00
1044 -3.675435781e-01 4.892680347e-01 -4.250238836e-01 5.000000075e-02 11
1045
1046
1047 0.000000000e+00 0.000000000e+00 0.000000000e+00
1048 0.000000000e+00 0.000000000e+00 0.000000000e+00
1049 -4.401265085e-01 5.000067353e-01 -4.890005887e-01 5.000000075e-02 11
1050
1051
1052 0.000000000e+00 0.000000000e+00 0.000000000e+00
1053 0.000000000e+00 0.000000000e+00 0.000000000e+00
1054 -2.824303210e-01 3.952755034e-01 -3.342702091e-01 5.000000075e-02 11
1055
1056
1057 0.000000000e+00 0.000000000e+00 0.000000000e+00
1058 0.000000000e+00 0.000000000e+00 0.000000000e+00
1059 -1.744029224e-01 4.604307115e-01 -3.789944053e-01 5.000000075e-02 11
1060
1061
1062 0.000000000e+00 0.000000000e+00 0.000000000e+00
1063 0.000000000e+00 0.000000000e+00 0.000000000e+00
1064 -2.161207199e-01 4.996126592e-01 -4.803951979e-01 5.000000075e-02 11
1065
1066
1067 0.000000000e+00 0.000000000e+00 0.000000000e+00
1068 0.000000000e+00 0.000000000e+00 0.000000000e+00
1069 -9.137265384e-02 4.898466766e-01 -3.259534240e-01 5.000000075e-02 11
1070
1071
1072 0.000000000e+00 0.000000000e+00 0.000000000e+00
1073 0.000000000e+00 0.000000000e+00 0.000000000e+00
1074 -4.231660366e-01 4.689710140e-01 -2.576136887e-01 5.000000075e-02 11
1075
1076
1077 0.000000000e+00 0.000000000e+00 0.000000000e+00
1078 0.000000000e+00 0.000000000e+00 0.000000000e+00
1079 -2.231144309e-01 4.987849891e-01 -4.694031179e-01 5.000000075e-02 11
1080
1081
1082 0.000000000e+00 0.000000000e+00 0.000000000e+00
1083 0.000000000e+00 0.000000000e+00 0.000000000e+00
1084 -4.183309078e-01 3.927239180e-01 -5.000072718e-01 5.000000075e-02 11
1085
1086
1087 0.000000000e+00 0.000000000e+00 0.000000000e+00
1088 0.000000000e+00 0.000000000e+00 0.000000000e+00
1089 -1.630001217e-01 4.580526352e-01 -3.741470277e-01 5.000000075e-02 11
1090
1091
1092 0.000000000e+00 0.000000000e+00 0.000000000e+00
1093 0.000000000e+00 0.000000000e+00 0.000000000e+00
1094 3.142384887e-01 2.030624747e-01 -5.000092387e-01 5.000000075e-02 11
1095
1096
1097 0.000000000e+00 0.000000000e+00 0.000000000e+00
1098 0.000000000e+00 0.000000000e+00 0.000000000e+00
1099 -1.637083739e-01 4.644735157e-01 -1.020266488e-01 5.000000075e-02 11
1100
1101
1102 0.000000000e+00 0.000000000e+00 0.000000000e+00
1103 0.000000000e+00 0.000000000e+00 0.000000000e+00
1104 -9.160551429e-02 2.858923972e-01 -5.000078082e-01 5.000000075e-02 11
1105
1106
1107 0.000000000e+00 0.000000000e+00 0.000000000e+00
1108 0.000000000e+00 0.000000000e+00 0.000000000e+00
1109 -3.341634274e-01 3.952712715e-01 -3.111567199e-01 5.000000075e-02 11
1110
1111
1112 0.000000000e+00 0.000000000e+00 0.000000000e+00
1113 0.000000000e+00 0.000000000e+00 0.000000000e+00
1114 -4.224350676e-02 4.993383884e-01 -3.494870365e-01 5.000000075e-02 11
1115
1116
1117 0.000000000e+00 0.000000000e+00 0.000000000e+00
1118 0.000000000e+00 0.000000000e+00 0.000000000e+00
1119 -3.974996507e-01 4.952631593e-01 -4.441547394e-01 5.000000075e-02 11
1120
1121
1122 0.000000000e+00 0.000000000e+00 0.000000000e+00
1123 0.000000000e+00 0.000000000e+00 0.000000000e+00
1124 2.108736336e-02 2.266270518e-01 -5.000089407e-01 5.000000075e-02 11
1125
1126
1127 0.000000000e+00 0.000000000e+00 0.000000000e+00
1128 0.000000000e+00 0.000000000e+00 0.000000000e+00
1129 -2.963419259e-01 3.952727318e-01 -3.052438796e-01 5.000000075e-02 11
1130
1131
1132 0.000000000e+00 0.000000000e+00 0.000000000e+00
1133 0.000000000e+00 0.000000000e+00 0.000000000e+00
1134 -2.066574246e-01 4.366207123e-01 -5.000078678e-01 5.000000075e-02 11
1135
1136
1137 0.000000000e+00 0.000000000e+00 0.000000000e+00
1138 0.000000000e+00 0.000000000e+00 0.000000000e+00
1139 -4.835828543e-01 4.991343617e-01 -4.181331396e-01 5.000000075e-02 11
1140
1141
1142 0.000000000e+00 0.000000000e+00 0.000000000e+00
1143 0.000000000e+00 0.000000000e+00 0.000000000e+00
1144 -2.750723958e-01 4.996110797e-01 -4.803496003e-01 5.000000075e-02 11
1145
1146
1147 0.000000000e+00 0.000000000e+00 0.000000000e+00
1148 0.000000000e+00 0.000000000e+00 0.000000000e+00
1149 -7.576931268e-02 4.991745055e-01 -4.273265004e-01 5.000000075e-02 11
1150
1151
1152 0.000000000e+00 0.000000000e+00 0.000000000e+00
1153 0.000000000e+00 0.000000000e+00 0.000000000e+00
1154 -1.491158605e-01 4.483966529e-01 -2.659177184e-01 5.000000075e-02 11
1155
1156
1157 0.000000000e+00 0.000000000e+00 0.000000000e+00
1158 0.000000000e+00 0.000000000e+00 0.000000000e+00
1159 -2.247834951e-01 4.543569088e-01 -3.735674918e-01 5.000000075e-02 11
1160
1161
1162 0.000000000e+00 0.000000000e+00 0.000000000e+00
1163 0.000000000e+00 0.000000000e+00 0.000000000e+00
1164 -2.720571458e-01 4.979631603e-01 -4.621835649e-01 5.000000075e-02 11
1165
1166
1167 0.000000000e+00 0.000000000e+00 0.000000000e+00
1168 0.000000000e+00 0.000000000e+00 0.000000000e+00
1169 -1.751829684e-01 1.433205158e-01 -5.000097752e-01 5.000000075e-02 11
1170
1171
1172 0.000000000e+00 0.000000000e+00 0.000000000e+00
1173 0.000000000e+00 0.000000000e+00 0.000000000e+00
1174 -2.485400885e-01 4.897567034e-01 -4.263935685e-01 5.000000075e-02 11
1175
1176
1177 0.000000000e+00 0.000000000e+00 0.000000000e+00
1178 0.000000000e+00 0.000000000e+00 0.000000000e+00
1179 -4.629203379e-01 4.903462529e-01 -2.058822960e-01 5.000000075e-02 11
1180
1181
1182 0.000000000e+00 0.000000000e+00 0.000000000e+00
1183 0.000000000e+00 0.000000000e+00 0.000000000e+00
1184 1.339410432e-02 3.673347533e-01 -5.000095963e-01 5.000000075e-02 11
1185
1186
1187 0.000000000e+00 0.000000000e+00 0.000000000e+00
1188 0.000000000e+00 0.000000000e+00 0.000000000e+00
1189 -3.380992115e-01 4.590729177e-01 -3.777511120e-01 5.000000075e-02 11
1190
1191
1192 0.000000000e+00 0.000000000e+00 0.000000000e+00
1193 0.000000000e+00 0.000000000e+00 0.000000000e+00
1194 -1.216185838e-01 4.749400616e-01 -3.328785002e-01 5.000000075e-02 11
1195
1196
1197 0.000000000e+00 0.000000000e+00 0.000000000e+00
1198 0.000000000e+00 0.000000000e+00 0.000000000e+00
1199 -3.609339297e-01 4.923876226e-01 -4.347247779e-01 5.000000075e-02 11
1200
1201
1202 0.000000000e+00 0.000000000e+00 0.000000000e+00
1203 0.000000000e+00 0.000000000e+00 0.000000000e+00
1204 -1.070469022e-01 1.873445511e-01 -5.000091791e-01 5.000000075e-02 11
1205
1206
1207 0.000000000e+00 0.000000000e+00 0.000000000e+00
1208 0.000000000e+00 0.000000000e+00 0.000000000e+00
1209 -3.156521022e-01 3.792797625e-01 -5.000091791e-01 5.000000075e-02 11
1210
1211
1212 0.000000000e+00 0.000000000e+00 0.000000000e+00
1213 0.000000000e+00 0.000000000e+00 0.000000000e+00
1214 -4.161197841e-01 4.519688487e-01 -5.000095963e-01 5.000000075e-02 11
1215
1216
1217 0.000000000e+00 0.000000000e+00 0.000000000e+00
1218 0.000000000e+00 0.000000000e+00 0.000000000e+00
1219 -1.325101107e-01 4.665561020e-01 -2.846890688e-01 5.000000075e-02 11
1220
1221
1222 0.000000000e+00 0.000000000e+00 0.000000000e+00
1223 0.000000000e+00 0.000000000e+00 0.000000000e+00
1224 -3.650082350e-01 6.922815740e-02 -5.000096560e-01 5.000000075e-02 11
1225
1226
1227 0.000000000e+00 0.000000000e+00 0.000000000e+00
1228 0.000000000e+00 0.000000000e+00 0.000000000e+00
1229 -1.706655622e-01 3.997979164e-01 -2.591110766e-01 5.000000075e-02 11
1230
1231
1232 0.000000000e+00 0.000000000e+00 0.000000000e+00
1233 0.000000000e+00 0.000000000e+00 0.000000000e+00
1234 -3.092860281e-01 4.978677630e-01 -4.614811838e-01 5.000000075e-02 11
1235
1236
1237 0.000000000e+00 0.000000000e+00 0.000000000e+00
1238 0.000000000e+00 0.000000000e+00 0.000000000e+00
1239 -1.833328754e-01 4.931115508e-01 -5.000076890e-01 5.000000075e-02 11
1240
1241
1242 0.000000000e+00 0.000000000e+00 0.000000000e+00
1243 0.000000000e+00 0.000000000e+00 0.000000000e+00
1244 -3.712382317e-01 3.952735066e-01 -2.092261910e-01 5.000000075e-02 11
1245
1246
1247 0.000000000e+00 0.000000000e+00 0.000000000e+00
1248 0.000000000e+00 0.000000000e+00 0.000000000e+00
1249 -8.214526623e-02 1.893307567e-01 -5.000082254e-01 5.000000075e-02 11
1250
1251
1252 0.000000000e+00 0.000000000e+00 0.000000000e+00
1253 0.000000000e+00 0.000000000e+00 0.000000000e+00
1254 -2.368453145e-01 4.756377339e-01 -3.974602222e-01 5.000000075e-02 11
1255
1256
1257 0.000000000e+00 0.000000000e+00 0.000000000e+00
1258 0.000000000e+00 0.000000000e+00 0.000000000e+00
1259 -3.027291000e-01 4.981451035e-01 -4.635913670e-01 5.000000075e-02 11
1260
1261
1262 0.000000000e+00 0.000000000e+00 0.000000000e+00
1263 0.000000000e+00 0.000000000e+00 0.000000000e+00
1264 -6.095774472e-02 4.978172779e-01 -3.721915185e-01 5.000000075e-02 11
1265
1266
1267 0.000000000e+00 0.000000000e+00 0.000000000e+00
1268 0.000000000e+00 0.000000000e+00 0.000000000e+00
1269 -2.547716498e-01 4.435684085e-01 -1.176441163e-01 5.000000075e-02 11
1270
1271
1272 0.000000000e+00 0.000000000e+00 0.000000000e+00
1273 0.000000000e+00 0.000000000e+00 0.000000000e+00
1274 -2.932004333e-01 4.567616582e-01 -3.756389320e-01 5.000000075e-02 11
1275
1276
1277 0.000000000e+00 0.000000000e+00 0.000000000e+00
1278 0.000000000e+00 0.000000000e+00 0.000000000e+00
1279 -2.881702483e-01 3.952723742e-01 -2.046357244e-01 5.000000075e-02 11
1280
1281
1282 0.000000000e+00 0.000000000e+00 0.000000000e+00
1283 0.000000000e+00 0.000000000e+00 0.000000000e+00
1284 -3.646776378e-01 2.530410290e-01 -5.000088215e-01 5.000000075e-02 11
1285
1286
1287 0.000000000e+00 0.000000000e+00 0.000000000e+00
1288 0.000000000e+00 0.000000000e+00 0.000000000e+00
1289 -3.776392713e-02 4.998054504e-01 -1.062066481e-01 5.000000075e-02 11
1290
1291
1292 0.000000000e+00 0.000000000e+00 0.000000000e+00
1293 0.000000000e+00 0.000000000e+00 0.000000000e+00
1294 -5.000091195e-01 4.591067433e-01 -4.870277941e-01 5.000000075e-02 11
1295
1296
1297 0.000000000e+00 0.000000000e+00 0.000000000e+00
1298 0.000000000e+00 0.000000000e+00 0.000000000e+00
1299 -2.537491620e-01 4.544689953e-01 -4.830287099e-01 5.000000075e-02 11
1300
1301
1302 0.000000000e+00 0.000000000e+00 0.000000000e+00
1303 0.000000000e+00 0.000000000e+00 0.000000000e+00
1304 -4.477551877e-01 4.336006939e-01 -4.659379423e-01 5.000000075e-02 11
1305
1306
1307 0.000000000e+00 0.000000000e+00 0.000000000e+00
1308 0.000000000e+00 0.000000000e+00 0.000000000e+00
1309 -3.399405479e-01 4.091832936e-01 -3.804132938e-01 5.000000075e-02 11
1310
1311
1312 0.000000000e+00 0.000000000e+00 0.000000000e+00
1313 0.000000000e+00 0.000000000e+00 0.000000000e+00
1314 -1.693617105e-01 4.123858213e-01 -4.771709740e-01 5.000000075e-02 11
1315
1316
1317 0.000000000e+00 0.000000000e+00 0.000000000e+00
1318 0.000000000e+00 0.000000000e+00 0.000000000e+00
1319 -2.024153769e-01 3.571603000e-01 -5.000073314e-01 5.000000075e-02 11
1320
1321
1322 0.000000000e+00 0.000000000e+00 0.000000000e+00
1323 0.000000000e+00 0.000000000e+00 0.000000000e+00
1324 -3.423828185e-01 3.482982516e-01 -2.961535454e-01 5.000000075e-02 11
1325
1326
1327 0.000000000e+00 0.000000000e+00 0.000000000e+00
1328 0.000000000e+00 0.000000000e+00 0.000000000e+00
1329 -1.969136596e-01 4.778589904e-01 -4.323178828e-01 5.000000075e-02 11
1330
1331
1332 0.000000000e+00 0.000000000e+00 0.000000000e+00
1333 0.000000000e+00 0.000000000e+00 0.000000000e+00
1334 -1.332281977e-01 4.120393395e-01 -2.283223271e-01 5.000000075e-02 11
1335
1336
1337 0.000000000e+00 0.000000000e+00 0.000000000e+00
1338 0.000000000e+00 0.000000000e+00 0.000000000e+00
1339 -1.546338946e-01 4.368323684e-01 -3.296613097e-01 5.000000075e-02 11
1340
1341
1342 0.000000000e+00 0.000000000e+00 0.000000000e+00
1343 0.000000000e+00 0.000000000e+00 0.000000000e+00
1344 -1.796341985e-01 3.882614374e-01 -2.113009244e-01 5.000000075e-02 11
1345
1346
1347 0.000000000e+00 0.000000000e+00 0.000000000e+00
1348 0.000000000e+00 0.000000000e+00 0.000000000e+00
1349 -3.162860572e-01 -4.969906062e-03 -5.000089407e-01 5.000000075e-02 11
1350
1351
1352 0.000000000e+00 0.000000000e+00 0.000000000e+00
1353 0.000000000e+00 0.000000000e+00 0.000000000e+00
1354 -2.637943923e-01 4.163473248e-01 -3.768386245e-01 5.000000075e-02 11
1355
1356
1357 0.000000000e+00 0.000000000e+00 0.000000000e+00
1358 0.000000000e+00 0.000000000e+00 0.000000000e+00
1359 -8.409747481e-02 4.921613336e-01 -2.174230069e-01 5.000000075e-02 11
1360
1361
1362 0.000000000e+00 0.000000000e+00 0.000000000e+00
1363 0.000000000e+00 0.000000000e+00 0.000000000e+00
1364 -1.520522982e-01 3.513320088e-01 -5.000086427e-01 5.000000075e-02 11
1365
1366
1367 0.000000000e+00 0.000000000e+00 0.000000000e+00
1368 0.000000000e+00 0.000000000e+00 0.000000000e+00
1369 -1.959329247e-01 4.143123031e-01 -3.656035364e-01 5.000000075e-02 11
1370
1371
1372 0.000000000e+00 0.000000000e+00 0.000000000e+00
1373 0.000000000e+00 0.000000000e+00 0.000000000e+00
1374 -4.515354335e-01 4.860088527e-01 -3.077782691e-01 5.000000075e-02 11
1375
1376
1377 0.000000000e+00 0.000000000e+00 0.000000000e+00
1378 0.000000000e+00 0.000000000e+00 0.000000000e+00
1379 -4.627986252e-01 3.701451123e-01 -4.965612590e-01 5.000000075e-02 11
1380
1381
1382 0.000000000e+00 0.000000000e+00 0.000000000e+00
1383 0.000000000e+00 0.000000000e+00 0.000000000e+00
1384 -1.189998835e-01 4.960964024e-01 -4.916454479e-02 5.000000075e-02 11
1385
1386
1387 0.000000000e+00 0.000000000e+00 0.000000000e+00
1388 0.000000000e+00 0.000000000e+00 0.000000000e+00
1389 -2.371297032e-01 3.964326382e-01 -3.553814590e-01 5.000000075e-02 11
1390
1391
1392 0.000000000e+00 0.000000000e+00 0.000000000e+00
1393 0.000000000e+00 0.000000000e+00 0.000000000e+00
1394 -4.587967396e-01 4.889006615e-01 -3.190465271e-01 5.000000075e-02 11
1395
1396
1397 0.000000000e+00 0.000000000e+00 0.000000000e+00
1398 0.000000000e+00 0.000000000e+00 0.000000000e+00
1399 -4.586470425e-01 4.808244705e-01 -1.569912881e-01 5.000000075e-02 11
1400
1401
1402 0.000000000e+00 0.000000000e+00 0.000000000e+00
1403 0.000000000e+00 0.000000000e+00 0.000000000e+00
1404 -4.354643822e-01 3.473530412e-01 -4.878790081e-01 5.000000075e-02 11
1405
1406
1407 0.000000000e+00 0.000000000e+00 0.000000000e+00
1408 0.000000000e+00 0.000000000e+00 0.000000000e+00
1409 -1.853234470e-01 3.607764840e-01 -2.315044105e-01 5.000000075e-02 11
1410
1411
1412 0.000000000e+00 0.000000000e+00 0.000000000e+00
1413 0.000000000e+00 0.000000000e+00 0.000000000e+00
1414 -8.759190887e-02 4.483072758e-01 -2.724778354e-01 5.000000075e-02 11
1415
1416
1417 0.000000000e+00 0.000000000e+00 0.000000000e+00
1418 0.000000000e+00 0.000000000e+00 0.000000000e+00
1419 -5.970415100e-02 4.825227857e-01 -2.879626751e-01 5.000000075e-02 11
1420
1421
1422 0.000000000e+00 0.000000000e+00 0.000000000e+00
1423 0.000000000e+00 0.000000000e+00 0.000000000e+00
1424 -3.311651573e-02 4.210821986e-01 -5.000090003e-01 5.000000075e-02 11
1425
1426
1427 0.000000000e+00 0.000000000e+00 0.000000000e+00
1428 0.000000000e+00 0.000000000e+00 0.000000000e+00
1429 -1.090477556e-01 4.248180687e-01 -2.990764081e-01 5.000000075e-02 11
1430
1431
1432 0.000000000e+00 0.000000000e+00 0.000000000e+00
1433 0.000000000e+00 0.000000000e+00 0.000000000e+00
1434 -1.887912303e-01 4.649713337e-01 -4.560585320e-01 5.000000075e-02 11
1435
1436
1437 0.000000000e+00 0.000000000e+00 0.000000000e+00
1438 0.000000000e+00 0.000000000e+00 0.000000000e+00
1439 -1.376248300e-01 4.988825619e-01 -4.644498229e-01 5.000000075e-02 11
1440
1441
1442 0.000000000e+00 0.000000000e+00 0.000000000e+00
1443 0.000000000e+00 0.000000000e+00 0.000000000e+00
1444 -4.321214855e-01 4.755569994e-01 -1.408886611e-01 5.000000075e-02 11
1445
1446
1447 0.000000000e+00 0.000000000e+00 0.000000000e+00
1448 0.000000000e+00 0.000000000e+00 0.000000000e+00
1449 -6.172207743e-02 4.869337082e-01 -2.858080864e-01 5.000000075e-02 11
1450
1451
1452 0.000000000e+00 0.000000000e+00 0.000000000e+00
1453 0.000000000e+00 0.000000000e+00 0.000000000e+00
1454 -3.189087659e-02 4.882003665e-01 -5.793246254e-02 5.000000075e-02 11
1455
1456
1457 0.000000000e+00 0.000000000e+00 0.000000000e+00
1458 0.000000000e+00 0.000000000e+00 0.000000000e+00
1459 -4.345785081e-02 4.830073118e-01 -5.000093579e-01 5.000000075e-02 11
1460
1461
1462 0.000000000e+00 0.000000000e+00 0.000000000e+00
1463 0.000000000e+00 0.000000000e+00 0.000000000e+00
1464 1.191241294e-01 1.023426801e-01 -5.000091195e-01 5.000000075e-02 11
1465
1466
1467 0.000000000e+00 0.000000000e+00 0.000000000e+00
1468 0.000000000e+00 0.000000000e+00 0.000000000e+00
1469 -3.119654059e-01 3.593966067e-01 -2.741246819e-01 5.000000075e-02 11
1470
1471
1472 0.000000000e+00 0.000000000e+00 0.000000000e+00
1473 0.000000000e+00 0.000000000e+00 0.000000000e+00
1474 -4.146904945e-01 4.612946212e-01 -1.664470732e-01 5.000000075e-02 11
1475
1476
1477 0.000000000e+00 0.000000000e+00 0.000000000e+00
1478 0.000000000e+00 0.000000000e+00 0.000000000e+00
1479 -4.604566693e-01 4.908435047e-01 -3.677729666e-01 5.000000075e-02 11
1480
1481
1482 0.000000000e+00 0.000000000e+00 0.000000000e+00
1483 0.000000000e+00 0.000000000e+00 0.000000000e+00
1484 -8.197095990e-02 4.437187016e-01 -3.091128170e-01 5.000000075e-02 11
1485
1486
1487 0.000000000e+00 0.000000000e+00 0.000000000e+00
1488 0.000000000e+00 0.000000000e+00 0.000000000e+00
1489 -7.624715567e-02 4.710181653e-01 -5.000076890e-01 5.000000075e-02 11
1490
1491
1492 0.000000000e+00 0.000000000e+00 0.000000000e+00
1493 0.000000000e+00 0.000000000e+00 0.000000000e+00
1494 -3.353510499e-01 3.286969662e-01 -5.000072122e-01 5.000000075e-02 11
1495
1496
1497 0.000000000e+00 0.000000000e+00 0.000000000e+00
1498 0.000000000e+00 0.000000000e+00 0.000000000e+00
1499 -3.581755459e-01 -1.037423760e-01 -5.000090599e-01 5.000000075e-02 11
1500
1501
1502 0.000000000e+00 0.000000000e+00 0.000000000e+00
1503 0.000000000e+00 0.000000000e+00 0.000000000e+00
1504 -2.821477950e-01 3.682512641e-01 -2.656479776e-01 5.000000075e-02 11
1505
1506
1507 0.000000000e+00 0.000000000e+00 0.000000000e+00
1508 0.000000000e+00 0.000000000e+00 0.000000000e+00
1509 -3.317322433e-01 4.154484868e-01 -4.013175666e-01 5.000000075e-02 11
1510
1511
1512 0.000000000e+00 0.000000000e+00 0.000000000e+00
1513 0.000000000e+00 0.000000000e+00 0.000000000e+00
1514 1.309989542e-01 -2.937544882e-01 -5.000086427e-01 5.000000075e-02 11
1515
1516
1517 0.000000000e+00 0.000000000e+00 0.000000000e+00
1518 0.000000000e+00 0.000000000e+00 0.000000000e+00
1519 -6.267972291e-02 3.476456106e-01 -5.000076294e-01 5.000000075e-02 11
1520
1521
1522 0.000000000e+00 0.000000000e+00 0.000000000e+00
1523 0.000000000e+00 0.000000000e+00 0.000000000e+00
1524 -1.494960040e-01 4.478660226e-01 -1.930377632e-01 5.000000075e-02 11
1525
1526
1527 0.000000000e+00 0.000000000e+00 0.000000000e+00
1528 0.000000000e+00 0.000000000e+00 0.000000000e+00
1529 -1.554787457e-01 4.525147676e-01 -4.912881851e-01 5.000000075e-02 11
1530
1531
1532 0.000000000e+00 0.000000000e+00 0.000000000e+00
1533 0.000000000e+00 0.000000000e+00 0.000000000e+00
1534 -2.356193662e-01 2.481835335e-01 -5.000075102e-01 5.000000075e-02 11
1535
1536
1537 0.000000000e+00 0.000000000e+00 0.000000000e+00
1538 0.000000000e+00 0.000000000e+00 0.000000000e+00
1539 -1.860785037e-01 3.952714801e-01 -3.137050569e-01 5.000000075e-02 11
1540
1541
1542 0.000000000e+00 0.000000000e+00 0.000000000e+00
1543 0.000000000e+00 0.000000000e+00 0.000000000e+00
1544 -4.830888212e-01 4.507903457e-01 -4.308646023e-01 5.000000075e-02 11
1545
1546
1547 0.000000000e+00 0.000000000e+00 0.000000000e+00
1548 0.000000000e+00 0.000000000e+00 0.000000000e+00
1549 -4.341264665e-01 4.202228785e-01 -2.559218109e-01 5.000000075e-02 11
1550
1551
1552 0.000000000e+00 0.000000000e+00 0.000000000e+00
1553 0.000000000e+00 0.000000000e+00 0.000000000e+00
1554 -3.400979936e-01 4.541250765e-01 -5.000073910e-01 5.000000075e-02 11
1555
1556
1557 0.000000000e+00 0.000000000e+00 0.000000000e+00
1558 0.000000000e+00 0.000000000e+00 0.000000000e+00
1559 -4.043854475e-01 3.120805025e-01 -4.708569944e-01 5.000000075e-02 11
1560
1561
1562 0.000000000e+00 0.000000000e+00 0.000000000e+00
1563 0.000000000e+00 0.000000000e+00 0.000000000e+00
1564 -1.811281294e-01 3.140177429e-01 -4.838430583e-01 5.000000075e-02 11
1565
1566
1567 0.000000000e+00 0.000000000e+00 0.000000000e+00
1568 0.000000000e+00 0.000000000e+00 0.000000000e+00
1569 5.139846355e-03 4.791542292e-01 -9.095896780e-02 5.000000075e-02 11
1570
1571
1572 0.000000000e+00 0.000000000e+00 0.000000000e+00
1573 0.000000000e+00 0.000000000e+00 0.000000000e+00
1574 -3.679278865e-02 4.540498853e-01 -3.727394044e-01 5.000000075e-02 11
1575
1576
1577 0.000000000e+00 0.000000000e+00 0.000000000e+00
1578 0.000000000e+00 0.000000000e+00 0.000000000e+00
1579 -5.564206839e-02 2.659378946e-01 -4.715771973e-01 5.000000075e-02 11
1580
1581
1582 0.000000000e+00 0.000000000e+00 0.000000000e+00
1583 0.000000000e+00 0.000000000e+00 0.000000000e+00
1584 -4.182066321e-01 4.494584501e-01 -3.150264621e-01 5.000000075e-02 11
1585
1586
1587 0.000000000e+00 0.000000000e+00 0.000000000e+00
1588 0.000000000e+00 0.000000000e+00 0.000000000e+00
1589 -3.309977055e-01 3.662028909e-01 -2.033293247e-01 5.000000075e-02 11
1590
1591
1592 0.000000000e+00 0.000000000e+00 0.000000000e+00
1593 0.000000000e+00 0.000000000e+00 0.000000000e+00
1594 -3.872716129e-01 3.374068439e-01 -4.790578485e-01 5.000000075e-02 11
1595
1596
1597 0.000000000e+00 0.000000000e+00 0.000000000e+00
1598 0.000000000e+00 0.000000000e+00 0.000000000e+00
1599 -8.937019110e-02 4.031676054e-01 -2.506165802e-01 5.000000075e-02 11
1600
1601
1602 0.000000000e+00 0.000000000e+00 0.000000000e+00
1603 0.000000000e+00 0.000000000e+00 0.000000000e+00
1604 -3.672072589e-01 4.526031315e-01 -4.896888137e-01 5.000000075e-02 11
1605
1606
1607 0.000000000e+00 0.000000000e+00 0.000000000e+00
1608 0.000000000e+00 0.000000000e+00 0.000000000e+00
1609 -2.516792119e-01 3.342340291e-01 -2.452901900e-01 5.000000075e-02 11
1610
1611
1612 0.000000000e+00 0.000000000e+00 0.000000000e+00
1613 0.000000000e+00 0.000000000e+00 0.000000000e+00
1614 1.770104840e-02 5.000092387e-01 -4.968220592e-01 5.000000075e-02 11
1615
1616
1617 0.000000000e+00 0.000000000e+00 0.000000000e+00
1618 0.000000000e+00 0.000000000e+00 0.000000000e+00
1619 -3.024621308e-01 3.020163774e-01 -4.734305739e-01 5.000000075e-02 11
1620
1621
1622 0.000000000e+00 0.000000000e+00 0.000000000e+00
1623 0.000000000e+00 0.000000000e+00 0.000000000e+00
1624 -4.348053932e-01 4.173096418e-01 -1.537982374e-01 5.000000075e-02 11
1625
1626
1627 0.000000000e+00 0.000000000e+00 0.000000000e+00
1628 0.000000000e+00 0.000000000e+00 0.000000000e+00
1629 -1.434573531e-01 3.068707287e-01 -4.788306952e-01 5.000000075e-02 11
1630
1631
1632 0.000000000e+00 0.000000000e+00 0.000000000e+00
1633 0.000000000e+00 0.000000000e+00 0.000000000e+00
1634 -1.174265668e-01 4.776434898e-01 -1.591395736e-01 5.000000075e-02 11
1635
1636
1637 0.000000000e+00 0.000000000e+00 0.000000000e+00
1638 0.000000000e+00 0.000000000e+00 0.000000000e+00
1639 -4.177497923e-01 3.972238004e-01 -4.493318796e-01 5.000000075e-02 11
1640
1641
1642 0.000000000e+00 0.000000000e+00 0.000000000e+00
1643 0.000000000e+00 0.000000000e+00 0.000000000e+00
1644 -4.559504986e-01 2.651216686e-01 -5.000095367e-01 5.000000075e-02 11
1645
1646
1647 0.000000000e+00 0.000000000e+00 0.000000000e+00
1648 0.000000000e+00 0.000000000e+00 0.000000000e+00
1649 -2.887517512e-01 3.180775344e-01 -4.853318930e-01 5.000000075e-02 11
1650
1651
1652 0.000000000e+00 0.000000000e+00 0.000000000e+00
1653 0.000000000e+00 0.000000000e+00 0.000000000e+00
1654 -4.042878374e-02 1.628863662e-01 -4.922569692e-01 5.000000075e-02 11
1655
1656
1657 0.000000000e+00 0.000000000e+00 0.000000000e+00
1658 0.000000000e+00 0.000000000e+00 0.000000000e+00
1659 -4.135350883e-01 3.039498627e-01 -4.994850755e-01 5.000000075e-02 11
1660
1661
1662 0.000000000e+00 0.000000000e+00 0.000000000e+00
1663 0.000000000e+00 0.000000000e+00 0.000000000e+00
1664 -2.882507443e-01 3.467243314e-01 -3.446750045e-01 5.000000075e-02 11
1665
1666
1667 0.000000000e+00 0.000000000e+00 0.000000000e+00
1668 0.000000000e+00 0.000000000e+00 0.000000000e+00
1669 -2.649363279e-01 -2.241266705e-02 -5.000093579e-01 5.000000075e-02 11
1670
1671
1672 0.000000000e+00 0.000000000e+00 0.000000000e+00
1673 0.000000000e+00 0.000000000e+00 0.000000000e+00
1674 -3.404467702e-01 3.097735345e-01 -2.643420398e-01 5.000000075e-02 11
1675
1676
1677 0.000000000e+00 0.000000000e+00 0.000000000e+00
1678 0.000000000e+00 0.000000000e+00 0.000000000e+00
1679 -3.386232257e-01 3.258660138e-01 -2.483440042e-01 5.000000075e-02 11
1680
1681
1682 0.000000000e+00 0.000000000e+00 0.000000000e+00
1683 0.000000000e+00 0.000000000e+00 0.000000000e+00
1684 -3.829703331e-01 4.465065002e-01 -4.629886746e-01 5.000000075e-02 11
1685
1686
1687 0.000000000e+00 0.000000000e+00 0.000000000e+00
1688 0.000000000e+00 0.000000000e+00 0.000000000e+00
1689 -3.031961322e-01 3.101766407e-01 -2.746536434e-01 5.000000075e-02 11
1690
1691
1692 0.000000000e+00 0.000000000e+00 0.000000000e+00
1693 0.000000000e+00 0.000000000e+00 0.000000000e+00
1694 -7.883141935e-02 4.230854213e-01 -2.302113771e-01 5.000000075e-02 11
1695
1696
1697 0.000000000e+00 0.000000000e+00 0.000000000e+00
1698 0.000000000e+00 0.000000000e+00 0.000000000e+00
1699 7.117058337e-02 5.000092387e-01 -2.952436209e-01 5.000000075e-02 11
1700
1701
1702 0.000000000e+00 0.000000000e+00 0.000000000e+00
1703 0.000000000e+00 0.000000000e+00 0.000000000e+00
1704 -4.307415783e-01 4.186912179e-01 -1.457804590e-01 5.000000075e-02 11
1705
1706
1707 0.000000000e+00 0.000000000e+00 0.000000000e+00
1708 0.000000000e+00 0.000000000e+00 0.000000000e+00
1709 -3.431651294e-01 4.859584272e-01 -6.660383940e-02 5.000000075e-02 11
1710
1711
1712 0.000000000e+00 0.000000000e+00 0.000000000e+00
1713 0.000000000e+00 0.000000000e+00 0.000000000e+00
1714 -3.031606972e-01 3.109657168e-01 -2.828804851e-01 5.000000075e-02 11
1715
1716
1717 0.000000000e+00 0.000000000e+00 0.000000000e+00
1718 0.000000000e+00 0.000000000e+00 0.000000000e+00
1719 -1.397655010e-01 3.668031693e-01 -1.900958866e-01 5.000000075e-02 11
1720
1721
1722 0.000000000e+00 0.000000000e+00 0.000000000e+00
1723 0.000000000e+00 0.000000000e+00 0.000000000e+00
1724 1.562691927e-01 3.284032643e-01 -5.000082254e-01 5.000000075e-02 11
1725
1726
1727 0.000000000e+00 0.000000000e+00 0.000000000e+00
1728 0.000000000e+00 0.000000000e+00 0.000000000e+00
1729 -3.037383258e-01 4.606574178e-01 -4.285539985e-01 5.000000075e-02 11
1730
1731
1732 0.000000000e+00 0.000000000e+00 0.000000000e+00
1733 0.000000000e+00 0.000000000e+00 0.000000000e+00
1734 -2.341731638e-01 1.530438215e-01 -5.000085831e-01 5.000000075e-02 11
1735
1736
1737 0.000000000e+00 0.000000000e+00 0.000000000e+00
1738 0.000000000e+00 0.000000000e+00 0.000000000e+00
1739 -9.848729521e-02 3.992253244e-01 -1.947289854e-01 5.000000075e-02 11
1740
1741
1742 0.000000000e+00 0.000000000e+00 0.000000000e+00
1743 0.000000000e+00 0.000000000e+00 0.000000000e+00
1744 -4.139588773e-01 4.640515745e-01 -4.087344110e-01 5.000000075e-02 11
1745
1746
1747 0.000000000e+00 0.000000000e+00 0.000000000e+00
1748 0.000000000e+00 0.000000000e+00 0.000000000e+00
1749 -1.354061663e-01 4.209264815e-01 -3.931142986e-01 5.000000075e-02 11
1750
1751
1752 0.000000000e+00 0.000000000e+00 0.000000000e+00
1753 0.000000000e+00 0.000000000e+00 0.000000000e+00
1754 -3.348317146e-01 4.596371353e-01 -5.000098944e-01 5.000000075e-02 11
1755
1756
1757 0.000000000e+00 0.000000000e+00 0.000000000e+00
1758 0.000000000e+00 0.000000000e+00 0.000000000e+00
1759 -3.650923669e-01 4.999985099e-01 -4.932471812e-01 5.000000075e-02 11
1760
1761
1762 0.000000000e+00 0.000000000e+00 0.000000000e+00
1763 0.000000000e+00 0.000000000e+00 0.000000000e+00
1764 -4.175423086e-01 3.394234478e-01 -4.418847561e-01 5.000000075e-02 11
1765
1766
1767 0.000000000e+00 0.000000000e+00 0.000000000e+00
1768 0.000000000e+00 0.000000000e+00 0.000000000e+00
1769 -4.360538423e-01 4.893592298e-01 -8.296603709e-02 5.000000075e-02 11
1770
1771
1772 0.000000000e+00 0.000000000e+00 0.000000000e+00
1773 0.000000000e+00 0.000000000e+00 0.000000000e+00
1774 -3.821914271e-02 4.830493331e-01 -1.997778416e-01 5.000000075e-02 11
1775
1776
1777 0.000000000e+00 0.000000000e+00 0.000000000e+00
1778 0.000000000e+00 0.000000000e+00 0.000000000e+00
1779 -9.200061113e-02 4.428274035e-01 -2.157284617e-01 5.000000075e-02 11
1780
1781
1782 0.000000000e+00 0.000000000e+00 0.000000000e+00
1783 0.000000000e+00 0.000000000e+00 0.000000000e+00
1784 -4.773761332e-02 4.097362459e-01 -3.222564161e-01 5.000000075e-02 11
1785
1786
1787 0.000000000e+00 0.000000000e+00 0.000000000e+00
1788 0.000000000e+00 0.000000000e+00 0.000000000e+00
1789 6.108459085e-02 2.000275850e-01 -4.861592054e-01 5.000000075e-02 11
1790
1791
1792 0.000000000e+00 0.000000000e+00 0.000000000e+00
1793 0.000000000e+00 0.000000000e+00 0.000000000e+00
1794 -7.445023954e-02 3.555650413e-01 -1.907662004e-01 5.000000075e-02 11
1795
1796
1797 0.000000000e+00 0.000000000e+00 0.000000000e+00
1798 0.000000000e+00 0.000000000e+00 0.000000000e+00
1799 -4.116981924e-01 4.477070272e-01 -6.987475604e-02 5.000000075e-02 11
1800
1801
1802 0.000000000e+00 0.000000000e+00 0.000000000e+00
1803 0.000000000e+00 0.000000000e+00 0.000000000e+00
1804 -2.861038446e-01 4.183242917e-01 -4.484693408e-01 5.000000075e-02 11
1805
1806
1807 0.000000000e+00 0.000000000e+00 0.000000000e+00
1808 0.000000000e+00 0.000000000e+00 0.000000000e+00
1809 1.308373827e-02 3.184904158e-01 -4.893474579e-01 5.000000075e-02 11
1810
1811
1812 0.000000000e+00 0.000000000e+00 0.000000000e+00
1813 0.000000000e+00 0.000000000e+00 0.000000000e+00
1814 -3.365534544e-01 3.630177677e-01 -3.615195155e-01 5.000000075e-02 11
1815
1816
1817 0.000000000e+00 0.000000000e+00 0.000000000e+00
1818 0.000000000e+00 0.000000000e+00 0.000000000e+00
1819 -1.476201862e-01 4.531551600e-01 -4.302673638e-01 5.000000075e-02 11
1820
1821
1822 0.000000000e+00 0.000000000e+00 0.000000000e+00
1823 0.000000000e+00 0.000000000e+00 0.000000000e+00
1824 -3.294711187e-02 2.228020430e-01 -4.604516625e-01 5.000000075e-02 11
1825
1826
1827 0.000000000e+00 0.000000000e+00 0.000000000e+00
1828 0.000000000e+00 0.000000000e+00 0.000000000e+00
1829 -2.492523342e-01 3.641029596e-01 -2.009689808e-01 5.000000075e-02 11
1830
1831
1832 0.000000000e+00 0.000000000e+00 0.000000000e+00
1833 0.000000000e+00 0.000000000e+00 0.000000000e+00
1834 -3.893112540e-01 4.254833460e-01 -3.886317313e-01 5.000000075e-02 11
1835
1836
1837 0.000000000e+00 0.000000000e+00 0.000000000e+00
1838 0.000000000e+00 0.000000000e+00 0.000000000e+00
1839 -1.911881119e-01 2.330497950e-01 -4.827882051e-01 5.000000075e-02 11
1840
1841
1842 0.000000000e+00 0.000000000e+00 0.000000000e+00
1843 0.000000000e+00 0.000000000e+00 0.000000000e+00
1844 -1.222868040e-01 4.155290127e-01 -4.967781305e-01 5.000000075e-02 11
1845
1846
1847 0.000000000e+00 0.000000000e+00 0.000000000e+00
1848 0.000000000e+00 0.000000000e+00 0.000000000e+00
1849 -2.201888859e-01 2.015804052e-01 -4.905291498e-01 5.000000075e-02 11
1850
1851
1852 0.000000000e+00 0.000000000e+00 0.000000000e+00
1853 0.000000000e+00 0.000000000e+00 0.000000000e+00
1854 -3.799992204e-01 2.989103496e-01 -4.292513430e-01 5.000000075e-02 11
1855
1856
1857 0.000000000e+00 0.000000000e+00 0.000000000e+00
1858 0.000000000e+00 0.000000000e+00 0.000000000e+00
1859 -2.195356488e-01 3.338482380e-01 -2.069368362e-01 5.000000075e-02 11
1860
1861
1862 0.000000000e+00 0.000000000e+00 0.000000000e+00
1863 0.000000000e+00 0.000000000e+00 0.000000000e+00
1864 -1.328218877e-01 3.667097986e-01 -2.493972033e-01 5.000000075e-02 11
1865
1866
1867 0.000000000e+00 0.000000000e+00 0.000000000e+00
1868 0.000000000e+00 0.000000000e+00 0.000000000e+00
1869 -4.844315946e-01 4.031024277e-01 -4.159005582e-01 5.000000075e-02 11
1870
1871
1872 0.000000000e+00 0.000000000e+00 0.000000000e+00
1873 0.000000000e+00 0.000000000e+00 0.000000000e+00
1874 -2.561942339e-01 3.099437058e-01 -3.337795138e-01 5.000000075e-02 11
1875
1876
1877 0.000000000e+00 0.000000000e+00 0.000000000e+00
1878 0.000000000e+00 0.000000000e+00 0.000000000e+00
1879 -1.140056252e-01 3.757990301e-01 -3.908084333e-01 5.000000075e-02 11
1880
1881
1882 0.000000000e+00 0.000000000e+00 0.000000000e+00
1883 0.000000000e+00 0.000000000e+00 0.000000000e+00
1884 -4.825998247e-01 4.180920720e-01 -3.930437267e-01 5.000000075e-02 11
1885
1886
1887 0.000000000e+00 0.000000000e+00 0.000000000e+00
1888 0.000000000e+00 0.000000000e+00 0.000000000e+00
1889 -9.240970761e-02 4.627165198e-01 -1.185107604e-01 5.000000075e-02 11
1890
1891
1892 0.000000000e+00 0.000000000e+00 0.000000000e+00
1893 0.000000000e+00 0.000000000e+00 0.000000000e+00
1894 -1.198970601e-01 4.785693884e-01 -3.889898360e-01 5.000000075e-02 11
1895
1896
1897 0.000000000e+00 0.000000000e+00 0.000000000e+00
1898 0.000000000e+00 0.000000000e+00 0.000000000e+00
1899 -4.103530645e-01 4.193322062e-01 -3.866647780e-01 5.000000075e-02 11
1900
1901
1902 0.000000000e+00 0.000000000e+00 0.000000000e+00
1903 0.000000000e+00 0.000000000e+00 0.000000000e+00
1904 -4.988300502e-01 4.159065783e-01 -3.986929357e-01 5.000000075e-02 11
1905
1906
1907 0.000000000e+00 0.000000000e+00 0.000000000e+00
1908 0.000000000e+00 0.000000000e+00 0.000000000e+00
1909 -2.695971131e-01 4.381222725e-01 -7.020916790e-02 5.000000075e-02 11
1910
1911
1912 0.000000000e+00 0.000000000e+00 0.000000000e+00
1913 0.000000000e+00 0.000000000e+00 0.000000000e+00
1914 -2.727484405e-01 2.717928886e-01 -2.892043889e-01 5.000000075e-02 11
1915
1916
1917 0.000000000e+00 0.000000000e+00 0.000000000e+00
1918 0.000000000e+00 0.000000000e+00 0.000000000e+00
1919 -4.185946584e-01 3.736609519e-01 -2.654317617e-01 5.000000075e-02 11
1920
1921
1922 0.000000000e+00 0.000000000e+00 0.000000000e+00
1923 0.000000000e+00 0.000000000e+00 0.000000000e+00
1924 -1.922229081e-01 2.151365131e-01 -5.000097156e-01 5.000000075e-02 11
1925
1926
1927 0.000000000e+00 0.000000000e+00 0.000000000e+00
1928 0.000000000e+00 0.000000000e+00 0.000000000e+00
1929 -3.964861035e-01 2.654186189e-01 -4.547298849e-01 5.000000075e-02 11
1930
1931
1932 0.000000000e+00 0.000000000e+00 0.000000000e+00
1933 0.000000000e+00 0.000000000e+00 0.000000000e+00
1934 -2.802162766e-01 2.664400041e-01 -2.823118269e-01 5.000000075e-02 11
1935
1936
1937 0.000000000e+00 0.000000000e+00 0.000000000e+00
1938 0.000000000e+00 0.000000000e+00 0.000000000e+00
1939 -1.719152182e-01 3.770884573e-01 -4.418542981e-01 5.000000075e-02 11
1940
1941
1942 0.000000000e+00 0.000000000e+00 0.000000000e+00
1943 0.000000000e+00 0.000000000e+00 0.000000000e+00
1944 -1.315221041e-01 1.144813299e-01 -5.000079870e-01 5.000000075e-02 11
1945
1946
1947 0.000000000e+00 0.000000000e+00 0.000000000e+00
1948 0.000000000e+00 0.000000000e+00 0.000000000e+00
1949 -3.372877538e-01 -4.731143638e-02 -4.837209880e-01 5.000000075e-02 11
1950
1951
1952 0.000000000e+00 0.000000000e+00 0.000000000e+00
1953 0.000000000e+00 0.000000000e+00 0.000000000e+00
1954 -3.039339483e-01 2.521241903e-01 -4.763203561e-01 5.000000075e-02 11
1955
1956
1957 0.000000000e+00 0.000000000e+00 0.000000000e+00
1958 0.000000000e+00 0.000000000e+00 0.000000000e+00
1959 -3.848795593e-01 2.073110044e-01 -4.994963706e-01 5.000000075e-02 11
1960
1961
1962 0.000000000e+00 0.000000000e+00 0.000000000e+00
1963 0.000000000e+00 0.000000000e+00 0.000000000e+00
1964 -3.933134973e-01 3.863013387e-01 -1.387524605e-01 5.000000075e-02 11
1965
1966
1967 0.000000000e+00 0.000000000e+00 0.000000000e+00
1968 0.000000000e+00 0.000000000e+00 0.000000000e+00
1969 -5.669446662e-02 3.666715622e-01 -2.606140375e-01 5.000000075e-02 11
1970
1971
1972 0.000000000e+00 0.000000000e+00 0.000000000e+00
1973 0.000000000e+00 0.000000000e+00 0.000000000e+00
1974 -4.305486977e-01 4.351575971e-01 -3.714652658e-01 5.000000075e-02 11
1975
1976
1977 0.000000000e+00 0.000000000e+00 0.000000000e+00
1978 0.000000000e+00 0.000000000e+00 0.000000000e+00
1979 -3.223359883e-01 4.557194710e-01 -1.085067391e-01 5.000000075e-02 11
1980
1981
1982 0.000000000e+00 0.000000000e+00 0.000000000e+00
1983 0.000000000e+00 0.000000000e+00 0.000000000e+00
1984 -3.381473124e-01 3.669603467e-01 -4.116661251e-01 5.000000075e-02 11
1985
1986
1987 0.000000000e+00 0.000000000e+00 0.000000000e+00
1988 0.000000000e+00 0.000000000e+00 0.000000000e+00
1989 -4.296587110e-01 4.467652440e-01 -5.757730082e-02 5.000000075e-02 11
1990
1991
1992 0.000000000e+00 0.000000000e+00 0.000000000e+00
1993 0.000000000e+00 0.000000000e+00 0.000000000e+00
1994 -2.492278963e-01 3.940755725e-01 -1.220127791e-01 5.000000075e-02 11
1995
1996
1997 0.000000000e+00 0.000000000e+00 0.000000000e+00
1998 0.000000000e+00 0.000000000e+00 0.000000000e+00
1999 -6.105295848e-03 2.708905935e-01 -4.669843912e-01 5.000000075e-02 11
2000
2001
2002 0.000000000e+00 0.000000000e+00 0.000000000e+00
2003 0.000000000e+00 0.000000000e+00 0.000000000e+00
2004 -1.784845442e-01 2.673203349e-01 -4.661740065e-01 5.000000075e-02 11
2005
2006
2007 0.000000000e+00 0.000000000e+00 0.000000000e+00
2008 0.000000000e+00 0.000000000e+00 0.000000000e+00
2009 -1.121898144e-01 3.588379920e-01 -2.542559803e-01 5.000000075e-02 11
2010
2011
2012 0.000000000e+00 0.000000000e+00 0.000000000e+00
2013 0.000000000e+00 0.000000000e+00 0.000000000e+00
2014 -4.981116056e-01 4.377206266e-01 -3.345318735e-01 5.000000075e-02 11
2015
2016
2017 0.000000000e+00 0.000000000e+00 0.000000000e+00
2018 0.000000000e+00 0.000000000e+00 0.000000000e+00
2019 -5.947174132e-02 4.553672373e-01 -1.639803648e-01 5.000000075e-02 11
2020
2021
2022 0.000000000e+00 0.000000000e+00 0.000000000e+00
2023 0.000000000e+00 0.000000000e+00 0.000000000e+00
2024 -4.728465974e-01 3.163195848e-01 -4.760987163e-01 5.000000075e-02 11
2025
2026
2027 0.000000000e+00 0.000000000e+00 0.000000000e+00
2028 0.000000000e+00 0.000000000e+00 0.000000000e+00
2029 -1.721449941e-01 2.136755139e-01 -5.000092387e-01 5.000000075e-02 11
2030
2031
2032 0.000000000e+00 0.000000000e+00 0.000000000e+00
2033 0.000000000e+00 0.000000000e+00 0.000000000e+00
2034 -1.390509456e-01 4.376867414e-01 -4.464563131e-01 5.000000075e-02 11
2035
2036
2037 0.000000000e+00 0.000000000e+00 0.000000000e+00
2038 0.000000000e+00 0.000000000e+00 0.000000000e+00
2039 -3.251224756e-01 3.713802397e-01 -4.239840508e-01 5.000000075e-02
