22 serialization::archive 19 1 0
0 0 0 1 0
1 1 0
2 0.000000000e+00 0.000000000e+00 0.000000000e+00
3 0.000000000e+00 0.000000000e+00 0.000000000e+00 4 16 DifferenceSmooth 1 0
4 0 0
5
6 0.000000000e+00 0.000000000e+00 0.000000000e+00
7 0.000000000e+00 0.000000000e+00 0.000000000e+00 4
8
9
10 0.000000000e+00 0.000000000e+00 0.000000000e+00
11 0.000000000e+00 0.000000000e+00 0.000000000e+00 6 5 Union 1 0
12
13
14 0.000000000e+00 0.000000000e+00 0.000000000e+00
15 0.000000000e+00 0.000000000e+00 0.000000000e+00 6
16
17
18 0.000000000e+00 0.000000000e+00 0.000000000e+00
19 0.000000000e+00 0.000000000e+00 0.000000000e+00 7 11 UnionSmooth 1 0
20
21
22 0.000000000e+00 0.000000000e+00 0.000000000e+00
23 0.000000000e+00 0.000000000e+00 0.000000000e+00 7
24
25
26 0.000000000e+00 0.000000000e+00 0.000000000e+00
27 0.000000000e+00 0.000000000e+00 0.000000000e+00 4
28
29
30 0.000000000e+00 0.000000000e+00 0.000000000e+00
31 0.000000000e+00 0.000000000e+00 0.000000000e+00 4
32
33
34 0.000000000e+00 0.000000000e+00 0.000000000e+00
35 0.000000000e+00 0.000000000e+00 0.000000000e+00 4
36
37
38 0.000000000e+00 0.000000000e+00 0.000000000e+00
39 0.000000000e+00 0.000000000e+00 0.000000000e+00 4
40
41
42 0.000000000e+00 0.000000000e+00 0.000000000e+00
43 0.000000000e+00 0.000000000e+00 0.000000000e+00 4
44
45
46 0.000000000e+00 0.000000000e+00 0.000000000e+00
47 0.000000000e+00 0.000000000e+00 0.000000000e+00 4
48
49
50 0.000000000e+00 0.000000000e+00 0.000000000e+00
51 0.000000000e+00 0.000000000e+00 0.000000000e+00 4
52
53
54 0.000000000e+00 0.000000000e+00 0.000000000e+00
55 0.000000000e+00 0.000000000e+00 0.000000000e+00 4
56
57
58 0.000000000e+00 0.000000000e+00 0.000000000e+00
59 0.000000000e+00 0.000000000e+00 0.000000000e+00 4
60
61
62 0.000000000e+00 0.000000000e+00 0.000000000e+00
63 0.000000000e+00 0.000000000e+00 0.000000000e+00 4
64
65
66 0.000000000e+00 0.000000000e+00 0.000000000e+00
67 0.000000000e+00 0.000000000e+00 0.000000000e+00 4
68
69
70 0.000000000e+00 0.000000000e+00 0.000000000e+00
71 0.000000000e+00 0.000000000e+00 0.000000000e+00 4
72
73
74 0.000000000e+00 0.000000000e+00 0.000000000e+00
75 0.000000000e+00 0.000000000e+00 0.000000000e+00 4
76
77
78 0.000000000e+00 0.000000000e+00 0.000000000e+00
79 0.000000000e+00 0.000000000e+00 0.000000000e+00 4
80
81
82 0.000000000e+00 0.000000000e+00 0.000000000e+00
83 0.000000000e+00 0.000000000e+00 0.000000000e+00 4
84
85
86 0.000000000e+00 0.000000000e+00 0.000000000e+00
87 0.000000000e+00 0.000000000e+00 0.000000000e+00 4
88
89
90 0.000000000e+00 0.000000000e+00 0.000000000e+00
91 0.000000000e+00 0.000000000e+00 0.000000000e+00 4
92
93
94 0.000000000e+00 0.000000000e+00 0.000000000e+00
95 0.000000000e+00 0.000000000e+00 0.000000000e+00 4
96
97
98 0.000000000e+00 0.000000000e+00 0.000000000e+00
99 0.000000000e+00 0.000000000e+00 0.000000000e+00 8 10 Difference 1 0
100
101
102 0.000000000e+00 0.000000000e+00 0.000000000e+00
103 0.000000000e+00 0.000000000e+00 0.000000000e+00 8
104
105
106 0.000000000e+00 0.000000000e+00 0.000000000e+00
107 0.000000000e+00 0.000000000e+00 0.000000000e+00 9 4 Cube 1 0
108
109
110 0.000000000e+00 0.000000000e+00 0.000000000e+00
111 0.000000000e+00 0.000000000e+00 0.000000000e+00
112 0.000000000e+00 0.000000000e+00 0.000000000e+00 1.000000000e+00 10 7 Capsule 1 0
113 109
114 -4.999992549e-01 4.261906072e-02 -2.903997898e-01 1.000000015e-01 4.000000060e-01 10
115
116
117 0.000000000e+00 0.000000000e+00 0.000000000e+00
118 0.000000000e+00 0.000000000e+00 0.000000000e+00
119 -4.999999404e-01 5.587181821e-02 2.754584253e-01 1.000000015e-01 4.000000060e-01 11 6 Sphere 1 0
120
121
122 0.000000000e+00 0.000000000e+00 0.000000000e+00
123 0.000000000e+00 0.000000000e+00 0.000000000e+00
124 -5.000002384e-01 -1.799449623e-01 -3.268915415e-02 9.999999776e-03 1.899999976e-01 11
125
126
127 0.000000000e+00 0.000000000e+00 0.000000000e+00
128 0.000000000e+00 0.000000000e+00 0.000000000e+00
129 -4.533726573e-01 -1.633763015e-01 -1.717731357e-03 9.999999776e-03 1.899999976e-01 11
130
131
132 0.000000000e+00 0.000000000e+00 0.000000000e+00
133 0.000000000e+00 0.000000000e+00 0.000000000e+00
134 -3.992266953e-01 -1.647498161e-01 -2.931368304e-03 9.999999776e-03 1.899999976e-01 11
135
136
137 0.000000000e+00 0.000000000e+00 0.000000000e+00
138 0.000000000e+00 0.000000000e+00 0.000000000e+00
139 -3.463651240e-01 -1.660907567e-01 -4.116217140e-03 9.999999776e-03 1.899999976e-01 11
140
141
142 0.000000000e+00 0.000000000e+00 0.000000000e+00
143 0.000000000e+00 0.000000000e+00 0.000000000e+00
144 -2.936998904e-01 -1.674267203e-01 -5.296664778e-03 9.999999776e-03 1.899999976e-01 11
145
146
147 0.000000000e+00 0.000000000e+00 0.000000000e+00
148 0.000000000e+00 0.000000000e+00 0.000000000e+00
149 -2.410875559e-01 -1.687613130e-01 -6.475927308e-03 9.999999776e-03 1.899999976e-01 11
150
151
152 0.000000000e+00 0.000000000e+00 0.000000000e+00
153 0.000000000e+00 0.000000000e+00 0.000000000e+00
154 -1.884783357e-01 -1.700958610e-01 -7.655120920e-03 9.999999776e-03 1.899999976e-01 11
155
156
157 0.000000000e+00 0.000000000e+00 0.000000000e+00
158 0.000000000e+00 0.000000000e+00 0.000000000e+00
159 -1.356315464e-01 -1.714364290e-01 -8.839637041e-03 9.999999776e-03 1.899999976e-01 11
160
161
162 0.000000000e+00 0.000000000e+00 0.000000000e+00
163 0.000000000e+00 0.000000000e+00 0.000000000e+00
164 -8.275409043e-02 -1.727777570e-01 -1.002484281e-02 9.999999776e-03 1.899999976e-01 11
165
166
167 0.000000000e+00 0.000000000e+00 0.000000000e+00
168 0.000000000e+00 0.000000000e+00 0.000000000e+00
169 -2.989795245e-02 -1.741185635e-01 -1.120956894e-02 9.999999776e-03 1.899999976e-01 11
170
171
172 0.000000000e+00 0.000000000e+00 0.000000000e+00
173 0.000000000e+00 0.000000000e+00 0.000000000e+00
174 2.294603549e-02 -1.754590273e-01 -1.239402499e-02 9.999999776e-03 1.899999976e-01 11
175
176
177 0.000000000e+00 0.000000000e+00 0.000000000e+00
178 0.000000000e+00 0.000000000e+00 0.000000000e+00
179 7.579730451e-02 -1.767997295e-01 -1.357864123e-02 9.999999776e-03 1.899999976e-01 11
180
181
182 0.000000000e+00 0.000000000e+00 0.000000000e+00
183 0.000000000e+00 0.000000000e+00 0.000000000e+00
184 1.286529750e-01 -1.781405061e-01 -1.476335805e-02 9.999999776e-03 1.899999976e-01 11
185
186
187 0.000000000e+00 0.000000000e+00 0.000000000e+00
188 0.000000000e+00 0.000000000e+00 0.000000000e+00
189 1.815272570e-01 -1.794817597e-01 -1.594849117e-02 9.999999776e-03 1.899999976e-01 11
190
191
192 0.000000000e+00 0.000000000e+00 0.000000000e+00
193 0.000000000e+00 0.000000000e+00 0.000000000e+00
194 2.349572331e-01 -1.808371246e-01 -1.714607887e-02 9.999999776e-03 1.899999976e-01 11
195
196
197 0.000000000e+00 0.000000000e+00 0.000000000e+00
198 0.000000000e+00 0.000000000e+00 0.000000000e+00
199 2.893963158e-01 -1.822180599e-01 -1.836628467e-02 9.999999776e-03 1.899999976e-01 11
200
201
202 0.000000000e+00 0.000000000e+00 0.000000000e+00
203 0.000000000e+00 0.000000000e+00 0.000000000e+00
204 3.463197649e-01 -1.836620420e-01 -1.964217983e-02 9.999999776e-03 1.899999976e-01 11
205
206
207 0.000000000e+00 0.000000000e+00 0.000000000e+00
208 0.000000000e+00 0.000000000e+00 0.000000000e+00
209 4.113433063e-01 -1.853114665e-01 -2.109963074e-02 9.999999776e-03 1.899999976e-01 12 3 Tor 1 0
210
211
212 0.000000000e+00 0.000000000e+00 0.000000000e+00
213 0.000000000e+00 0.000000000e+00 0.000000000e+00
214 -5.000089407e-01 -4.569965303e-01 4.174391329e-01 5.000000075e-02 2.000000030e-01 1.899999976e-01 12
215
216
217 0.000000000e+00 0.000000000e+00 0.000000000e+00
218 0.000000000e+00 0.000000000e+00 0.000000000e+00
219 -5.000097156e-01 -4.537017643e-01 -4.718180597e-01 5.000000075e-02 2.000000030e-01 1.899999976e-01 11
220
221
222 0.000000000e+00 0.000000000e+00 0.000000000e+00
223 0.000000000e+00 0.000000000e+00 0.000000000e+00
224 -6.959720850e-01 -4.496505260e-01 5.718131661e-01 2.000000030e-01 11
225
226
227 0.000000000e+00 0.000000000e+00 0.000000000e+00
228 0.000000000e+00 0.000000000e+00 0.000000000e+00
229 -6.356316805e-01 -4.552133083e-01 -6.818168163e-01 2.000000030e-01 9
230
231
232 0.000000000e+00 0.000000000e+00 0.000000000e+00
233 0.000000000e+00 0.000000000e+00 0.000000000e+00
234 -2.764120698e-01 5.000029802e-01 -2.416210324e-01 2.000000030e-01 1.539999992e-01 9
235
236
237 0.000000000e+00 0.000000000e+00 0.000000000e+00
238 0.000000000e+00 0.000000000e+00 0.000000000e+00
239 -2.745758891e-01 5.000001788e-01 2.956082523e-01 2.000000030e-01 1.539999992e-01
