22 serialization::archive 19 1 0
0 0 0 1 0
1 1 0
2 0.000000000e+00 0.000000000e+00 0.000000000e+00
3 0.000000000e+00 0.000000000e+00 0.000000000e+00 4 10 Difference 1 0
4 0 0
5
6 0.000000000e+00 0.000000000e+00 0.000000000e+00
7 0.000000000e+00 0.000000000e+00 0.000000000e+00 4
8
9
10 0.000000000e+00 0.000000000e+00 0.000000000e+00
11 0.000000000e+00 0.000000000e+00 0.000000000e+00 4
12
13
14 0.000000000e+00 0.000000000e+00 0.000000000e+00
15 0.000000000e+00 0.000000000e+00 0.000000000e+00 4
16
17
18 0.000000000e+00 0.000000000e+00 0.000000000e+00
19 0.000000000e+00 0.000000000e+00 0.000000000e+00 4
20
21
22 0.000000000e+00 0.000000000e+00 0.000000000e+00
23 0.000000000e+00 0.000000000e+00 0.000000000e+00 4
24
25
26 0.000000000e+00 0.000000000e+00 0.000000000e+00
27 0.000000000e+00 0.000000000e+00 0.000000000e+00 4
28
29
30 0.000000000e+00 0.000000000e+00 0.000000000e+00
31 0.000000000e+00 0.000000000e+00 0.000000000e+00 4
32
33
34 0.000000000e+00 0.000000000e+00 0.000000000e+00
35 0.000000000e+00 0.000000000e+00 0.000000000e+00 4
36
37
38 0.000000000e+00 0.000000000e+00 0.000000000e+00
39 0.000000000e+00 0.000000000e+00 0.000000000e+00 4
40
41
42 0.000000000e+00 0.000000000e+00 0.000000000e+00
43 0.000000000e+00 0.000000000e+00 0.000000000e+00 4
44
45
46 0.000000000e+00 0.000000000e+00 0.000000000e+00
47 0.000000000e+00 0.000000000e+00 0.000000000e+00 4
48
49
50 0.000000000e+00 0.000000000e+00 0.000000000e+00
51 0.000000000e+00 0.000000000e+00 0.000000000e+00 4
52
53
54 0.000000000e+00 0.000000000e+00 0.000000000e+00
55 0.000000000e+00 0.000000000e+00 0.000000000e+00 4
56
57
58 0.000000000e+00 0.000000000e+00 0.000000000e+00
59 0.000000000e+00 0.000000000e+00 0.000000000e+00 4
60
61
62 0.000000000e+00 0.000000000e+00 0.000000000e+00
63 0.000000000e+00 0.000000000e+00 0.000000000e+00 4
64
65
66 0.000000000e+00 0.000000000e+00 0.000000000e+00
67 0.000000000e+00 0.000000000e+00 0.000000000e+00 4
68
69
70 0.000000000e+00 0.000000000e+00 0.000000000e+00
71 0.000000000e+00 0.000000000e+00 0.000000000e+00 4
72
73
74 0.000000000e+00 0.000000000e+00 0.000000000e+00
75 0.000000000e+00 0.000000000e+00 0.000000000e+00 4
76
77
78 0.000000000e+00 0.000000000e+00 0.000000000e+00
79 0.000000000e+00 0.000000000e+00 0.000000000e+00 4
80
81
82 0.000000000e+00 0.000000000e+00 0.000000000e+00
83 0.000000000e+00 0.000000000e+00 0.000000000e+00 4
84
85
86 0.000000000e+00 0.000000000e+00 0.000000000e+00
87 0.000000000e+00 0.000000000e+00 0.000000000e+00 4
88
89
90 0.000000000e+00 0.000000000e+00 0.000000000e+00
91 0.000000000e+00 0.000000000e+00 0.000000000e+00 4
92
93
94 0.000000000e+00 0.000000000e+00 0.000000000e+00
95 0.000000000e+00 0.000000000e+00 0.000000000e+00 4
96
97
98 0.000000000e+00 0.000000000e+00 0.000000000e+00
99 0.000000000e+00 0.000000000e+00 0.000000000e+00 4
100
101
102 0.000000000e+00 0.000000000e+00 0.000000000e+00
103 0.000000000e+00 0.000000000e+00 0.000000000e+00 4
104
105
106 0.000000000e+00 0.000000000e+00 0.000000000e+00
107 0.000000000e+00 0.000000000e+00 0.000000000e+00 4
108
109
110 0.000000000e+00 0.000000000e+00 0.000000000e+00
111 0.000000000e+00 0.000000000e+00 0.000000000e+00 4
112
113
114 0.000000000e+00 0.000000000e+00 0.000000000e+00
115 0.000000000e+00 0.000000000e+00 0.000000000e+00 4
116
117
118 0.000000000e+00 0.000000000e+00 0.000000000e+00
119 0.000000000e+00 0.000000000e+00 0.000000000e+00 4
120
121
122 0.000000000e+00 0.000000000e+00 0.000000000e+00
123 0.000000000e+00 0.000000000e+00 0.000000000e+00 4
124
125
126 0.000000000e+00 0.000000000e+00 0.000000000e+00
127 0.000000000e+00 0.000000000e+00 0.000000000e+00 4
128
129
130 0.000000000e+00 0.000000000e+00 0.000000000e+00
131 0.000000000e+00 0.000000000e+00 0.000000000e+00 4
132
133
134 0.000000000e+00 0.000000000e+00 0.000000000e+00
135 0.000000000e+00 0.000000000e+00 0.000000000e+00 4
136
137
138 0.000000000e+00 0.000000000e+00 0.000000000e+00
139 0.000000000e+00 0.000000000e+00 0.000000000e+00 4
140
141
142 0.000000000e+00 0.000000000e+00 0.000000000e+00
143 0.000000000e+00 0.000000000e+00 0.000000000e+00 4
144
145
146 0.000000000e+00 0.000000000e+00 0.000000000e+00
147 0.000000000e+00 0.000000000e+00 0.000000000e+00 4
148
149
150 0.000000000e+00 0.000000000e+00 0.000000000e+00
151 0.000000000e+00 0.000000000e+00 0.000000000e+00 4
152
153
154 0.000000000e+00 0.000000000e+00 0.000000000e+00
155 0.000000000e+00 0.000000000e+00 0.000000000e+00 4
156
157
158 0.000000000e+00 0.000000000e+00 0.000000000e+00
159 0.000000000e+00 0.000000000e+00 0.000000000e+00 4
160
161
162 0.000000000e+00 0.000000000e+00 0.000000000e+00
163 0.000000000e+00 0.000000000e+00 0.000000000e+00 4
164
165
166 0.000000000e+00 0.000000000e+00 0.000000000e+00
167 0.000000000e+00 0.000000000e+00 0.000000000e+00 4
168
169
170 0.000000000e+00 0.000000000e+00 0.000000000e+00
171 0.000000000e+00 0.000000000e+00 0.000000000e+00 4
172
173
174 0.000000000e+00 0.000000000e+00 0.000000000e+00
175 0.000000000e+00 0.000000000e+00 0.000000000e+00 4
176
177
178 0.000000000e+00 0.000000000e+00 0.000000000e+00
179 0.000000000e+00 0.000000000e+00 0.000000000e+00 4
180
181
182 0.000000000e+00 0.000000000e+00 0.000000000e+00
183 0.000000000e+00 0.000000000e+00 0.000000000e+00 4
184
185
186 0.000000000e+00 0.000000000e+00 0.000000000e+00
187 0.000000000e+00 0.000000000e+00 0.000000000e+00 4
188
189
190 0.000000000e+00 0.000000000e+00 0.000000000e+00
191 0.000000000e+00 0.000000000e+00 0.000000000e+00 4
192
193
194 0.000000000e+00 0.000000000e+00 0.000000000e+00
195 0.000000000e+00 0.000000000e+00 0.000000000e+00 4
196
197
198 0.000000000e+00 0.000000000e+00 0.000000000e+00
199 0.000000000e+00 0.000000000e+00 0.000000000e+00 4
200
201
202 0.000000000e+00 0.000000000e+00 0.000000000e+00
203 0.000000000e+00 0.000000000e+00 0.000000000e+00 4
204
205
206 0.000000000e+00 0.000000000e+00 0.000000000e+00
207 0.000000000e+00 0.000000000e+00 0.000000000e+00 4
208
209
210 0.000000000e+00 0.000000000e+00 0.000000000e+00
211 0.000000000e+00 0.000000000e+00 0.000000000e+00 4
212
213
214 0.000000000e+00 0.000000000e+00 0.000000000e+00
215 0.000000000e+00 0.000000000e+00 0.000000000e+00 4
216
217
218 0.000000000e+00 0.000000000e+00 0.000000000e+00
219 0.000000000e+00 0.000000000e+00 0.000000000e+00 4
220
221
222 0.000000000e+00 0.000000000e+00 0.000000000e+00
223 0.000000000e+00 0.000000000e+00 0.000000000e+00 4
224
225
226 0.000000000e+00 0.000000000e+00 0.000000000e+00
227 0.000000000e+00 0.000000000e+00 0.000000000e+00 4
228
229
230 0.000000000e+00 0.000000000e+00 0.000000000e+00
231 0.000000000e+00 0.000000000e+00 0.000000000e+00 4
232
233
234 0.000000000e+00 0.000000000e+00 0.000000000e+00
235 0.000000000e+00 0.000000000e+00 0.000000000e+00 4
236
237
238 0.000000000e+00 0.000000000e+00 0.000000000e+00
239 0.000000000e+00 0.000000000e+00 0.000000000e+00 4
240
241
242 0.000000000e+00 0.000000000e+00 0.000000000e+00
243 0.000000000e+00 0.000000000e+00 0.000000000e+00 4
244
245
246 0.000000000e+00 0.000000000e+00 0.000000000e+00
247 0.000000000e+00 0.000000000e+00 0.000000000e+00 4
248
249
250 0.000000000e+00 0.000000000e+00 0.000000000e+00
251 0.000000000e+00 0.000000000e+00 0.000000000e+00 4
252
253
254 0.000000000e+00 0.000000000e+00 0.000000000e+00
255 0.000000000e+00 0.000000000e+00 0.000000000e+00 4
256
257
258 0.000000000e+00 0.000000000e+00 0.000000000e+00
259 0.000000000e+00 0.000000000e+00 0.000000000e+00 4
260
261
262 0.000000000e+00 0.000000000e+00 0.000000000e+00
263 0.000000000e+00 0.000000000e+00 0.000000000e+00 4
264
265
266 0.000000000e+00 0.000000000e+00 0.000000000e+00
267 0.000000000e+00 0.000000000e+00 0.000000000e+00 4
268
269
270 0.000000000e+00 0.000000000e+00 0.000000000e+00
271 0.000000000e+00 0.000000000e+00 0.000000000e+00 4
272
273
274 0.000000000e+00 0.000000000e+00 0.000000000e+00
275 0.000000000e+00 0.000000000e+00 0.000000000e+00 4
276
277
278 0.000000000e+00 0.000000000e+00 0.000000000e+00
279 0.000000000e+00 0.000000000e+00 0.000000000e+00 4
280
281
282 0.000000000e+00 0.000000000e+00 0.000000000e+00
283 0.000000000e+00 0.000000000e+00 0.000000000e+00 4
284
285
286 0.000000000e+00 0.000000000e+00 0.000000000e+00
287 0.000000000e+00 0.000000000e+00 0.000000000e+00 4
288
289
290 0.000000000e+00 0.000000000e+00 0.000000000e+00
291 0.000000000e+00 0.000000000e+00 0.000000000e+00 4
292
293
294 0.000000000e+00 0.000000000e+00 0.000000000e+00
295 0.000000000e+00 0.000000000e+00 0.000000000e+00 4
296
297
298 0.000000000e+00 0.000000000e+00 0.000000000e+00
299 0.000000000e+00 0.000000000e+00 0.000000000e+00 4
300
301
302 0.000000000e+00 0.000000000e+00 0.000000000e+00
303 0.000000000e+00 0.000000000e+00 0.000000000e+00 4
304
305
306 0.000000000e+00 0.000000000e+00 0.000000000e+00
307 0.000000000e+00 0.000000000e+00 0.000000000e+00 4
308
309
310 0.000000000e+00 0.000000000e+00 0.000000000e+00
311 0.000000000e+00 0.000000000e+00 0.000000000e+00 4
312
313
314 0.000000000e+00 0.000000000e+00 0.000000000e+00
315 0.000000000e+00 0.000000000e+00 0.000000000e+00 4
316
317
318 0.000000000e+00 0.000000000e+00 0.000000000e+00
319 0.000000000e+00 0.000000000e+00 0.000000000e+00 4
320
321
322 0.000000000e+00 0.000000000e+00 0.000000000e+00
323 0.000000000e+00 0.000000000e+00 0.000000000e+00 4
324
325
326 0.000000000e+00 0.000000000e+00 0.000000000e+00
327 0.000000000e+00 0.000000000e+00 0.000000000e+00 4
328
329
330 0.000000000e+00 0.000000000e+00 0.000000000e+00
331 0.000000000e+00 0.000000000e+00 0.000000000e+00 4
332
333
334 0.000000000e+00 0.000000000e+00 0.000000000e+00
335 0.000000000e+00 0.000000000e+00 0.000000000e+00 4
336
337
338 0.000000000e+00 0.000000000e+00 0.000000000e+00
339 0.000000000e+00 0.000000000e+00 0.000000000e+00 4
340
341
342 0.000000000e+00 0.000000000e+00 0.000000000e+00
343 0.000000000e+00 0.000000000e+00 0.000000000e+00 4
344
345
346 0.000000000e+00 0.000000000e+00 0.000000000e+00
347 0.000000000e+00 0.000000000e+00 0.000000000e+00 4
348
349
350 0.000000000e+00 0.000000000e+00 0.000000000e+00
351 0.000000000e+00 0.000000000e+00 0.000000000e+00 4
352
353
354 0.000000000e+00 0.000000000e+00 0.000000000e+00
355 0.000000000e+00 0.000000000e+00 0.000000000e+00 4
356
357
358 0.000000000e+00 0.000000000e+00 0.000000000e+00
359 0.000000000e+00 0.000000000e+00 0.000000000e+00 4
360
361
362 0.000000000e+00 0.000000000e+00 0.000000000e+00
363 0.000000000e+00 0.000000000e+00 0.000000000e+00 4
364
365
366 0.000000000e+00 0.000000000e+00 0.000000000e+00
367 0.000000000e+00 0.000000000e+00 0.000000000e+00 4
368
369
370 0.000000000e+00 0.000000000e+00 0.000000000e+00
371 0.000000000e+00 0.000000000e+00 0.000000000e+00 4
372
373
374 0.000000000e+00 0.000000000e+00 0.000000000e+00
375 0.000000000e+00 0.000000000e+00 0.000000000e+00 4
376
377
378 0.000000000e+00 0.000000000e+00 0.000000000e+00
379 0.000000000e+00 0.000000000e+00 0.000000000e+00 4
380
381
382 0.000000000e+00 0.000000000e+00 0.000000000e+00
383 0.000000000e+00 0.000000000e+00 0.000000000e+00 4
384
385
386 0.000000000e+00 0.000000000e+00 0.000000000e+00
387 0.000000000e+00 0.000000000e+00 0.000000000e+00 4
388
389
390 0.000000000e+00 0.000000000e+00 0.000000000e+00
391 0.000000000e+00 0.000000000e+00 0.000000000e+00 4
392
393
394 0.000000000e+00 0.000000000e+00 0.000000000e+00
395 0.000000000e+00 0.000000000e+00 0.000000000e+00 4
396
397
398 0.000000000e+00 0.000000000e+00 0.000000000e+00
399 0.000000000e+00 0.000000000e+00 0.000000000e+00 4
400
401
402 0.000000000e+00 0.000000000e+00 0.000000000e+00
403 0.000000000e+00 0.000000000e+00 0.000000000e+00 6 16 DifferenceSmooth 1 0
404
405
406 0.000000000e+00 0.000000000e+00 0.000000000e+00
407 0.000000000e+00 0.000000000e+00 0.000000000e+00 6
408
409
410 0.000000000e+00 0.000000000e+00 0.000000000e+00
411 0.000000000e+00 0.000000000e+00 0.000000000e+00 7 5 Union 1 0
412
413
414 0.000000000e+00 0.000000000e+00 0.000000000e+00
415 0.000000000e+00 0.000000000e+00 0.000000000e+00 7
416
417
418 0.000000000e+00 0.000000000e+00 0.000000000e+00
419 0.000000000e+00 0.000000000e+00 0.000000000e+00 8 11 UnionSmooth 1 0
420
421
422 0.000000000e+00 0.000000000e+00 0.000000000e+00
423 0.000000000e+00 0.000000000e+00 0.000000000e+00 8
424
425
426 0.000000000e+00 0.000000000e+00 0.000000000e+00
427 0.000000000e+00 0.000000000e+00 0.000000000e+00 6
428
429
430 0.000000000e+00 0.000000000e+00 0.000000000e+00
431 0.000000000e+00 0.000000000e+00 0.000000000e+00 6
432
433
434 0.000000000e+00 0.000000000e+00 0.000000000e+00
435 0.000000000e+00 0.000000000e+00 0.000000000e+00 6
436
437
438 0.000000000e+00 0.000000000e+00 0.000000000e+00
439 0.000000000e+00 0.000000000e+00 0.000000000e+00 6
440
441
442 0.000000000e+00 0.000000000e+00 0.000000000e+00
443 0.000000000e+00 0.000000000e+00 0.000000000e+00 6
444
445
446 0.000000000e+00 0.000000000e+00 0.000000000e+00
447 0.000000000e+00 0.000000000e+00 0.000000000e+00 6
448
449
450 0.000000000e+00 0.000000000e+00 0.000000000e+00
451 0.000000000e+00 0.000000000e+00 0.000000000e+00 6
452
453
454 0.000000000e+00 0.000000000e+00 0.000000000e+00
455 0.000000000e+00 0.000000000e+00 0.000000000e+00 6
456
457
458 0.000000000e+00 0.000000000e+00 0.000000000e+00
459 0.000000000e+00 0.000000000e+00 0.000000000e+00 6
460
461
462 0.000000000e+00 0.000000000e+00 0.000000000e+00
463 0.000000000e+00 0.000000000e+00 0.000000000e+00 6
464
465
466 0.000000000e+00 0.000000000e+00 0.000000000e+00
467 0.000000000e+00 0.000000000e+00 0.000000000e+00 6
468
469
470 0.000000000e+00 0.000000000e+00 0.000000000e+00
471 0.000000000e+00 0.000000000e+00 0.000000000e+00 6
472
473
474 0.000000000e+00 0.000000000e+00 0.000000000e+00
475 0.000000000e+00 0.000000000e+00 0.000000000e+00 6
476
477
478 0.000000000e+00 0.000000000e+00 0.000000000e+00
479 0.000000000e+00 0.000000000e+00 0.000000000e+00 6
480
481
482 0.000000000e+00 0.000000000e+00 0.000000000e+00
483 0.000000000e+00 0.000000000e+00 0.000000000e+00 6
484
485
486 0.000000000e+00 0.000000000e+00 0.000000000e+00
487 0.000000000e+00 0.000000000e+00 0.000000000e+00 6
488
489
490 0.000000000e+00 0.000000000e+00 0.000000000e+00
491 0.000000000e+00 0.000000000e+00 0.000000000e+00 6
492
493
494 0.000000000e+00 0.000000000e+00 0.000000000e+00
495 0.000000000e+00 0.000000000e+00 0.000000000e+00 6
496
497
498 0.000000000e+00 0.000000000e+00 0.000000000e+00
499 0.000000000e+00 0.000000000e+00 0.000000000e+00 4
500
501
502 0.000000000e+00 0.000000000e+00 0.000000000e+00
503 0.000000000e+00 0.000000000e+00 0.000000000e+00 4
504
505
506 0.000000000e+00 0.000000000e+00 0.000000000e+00
507 0.000000000e+00 0.000000000e+00 0.000000000e+00 9 4 Cube 1 0
508
509
510 0.000000000e+00 0.000000000e+00 0.000000000e+00
511 0.000000000e+00 0.000000000e+00 0.000000000e+00
512 0.000000000e+00 0.000000000e+00 0.000000000e+00 1.000000000e+00 10 7 Capsule 1 0
513 509
514 -4.999992549e-01 4.261906072e-02 -2.903997898e-01 1.000000015e-01 4.000000060e-01 10
515
516
517 0.000000000e+00 0.000000000e+00 0.000000000e+00
518 0.000000000e+00 0.000000000e+00 0.000000000e+00
519 -4.999999404e-01 5.587181821e-02 2.754584253e-01 1.000000015e-01 4.000000060e-01 11 6 Sphere 1 0
520
521
522 0.000000000e+00 0.000000000e+00 0.000000000e+00
523 0.000000000e+00 0.000000000e+00 0.000000000e+00
524 -5.000002384e-01 -1.799449623e-01 -3.268915415e-02 9.999999776e-03 1.899999976e-01 11
525
526
527 0.000000000e+00 0.000000000e+00 0.000000000e+00
528 0.000000000e+00 0.000000000e+00 0.000000000e+00
529 -4.533726573e-01 -1.633763015e-01 -1.717731357e-03 9.999999776e-03 1.899999976e-01 11
530
531
532 0.000000000e+00 0.000000000e+00 0.000000000e+00
533 0.000000000e+00 0.000000000e+00 0.000000000e+00
534 -3.992266953e-01 -1.647498161e-01 -2.931368304e-03 9.999999776e-03 1.899999976e-01 11
535
536
537 0.000000000e+00 0.000000000e+00 0.000000000e+00
538 0.000000000e+00 0.000000000e+00 0.000000000e+00
539 -3.463651240e-01 -1.660907567e-01 -4.116217140e-03 9.999999776e-03 1.899999976e-01 11
540
541
542 0.000000000e+00 0.000000000e+00 0.000000000e+00
543 0.000000000e+00 0.000000000e+00 0.000000000e+00
544 -2.936998904e-01 -1.674267203e-01 -5.296664778e-03 9.999999776e-03 1.899999976e-01 11
545
546
547 0.000000000e+00 0.000000000e+00 0.000000000e+00
548 0.000000000e+00 0.000000000e+00 0.000000000e+00
549 -2.410875559e-01 -1.687613130e-01 -6.475927308e-03 9.999999776e-03 1.899999976e-01 11
550
551
552 0.000000000e+00 0.000000000e+00 0.000000000e+00
553 0.000000000e+00 0.000000000e+00 0.000000000e+00
554 -1.884783357e-01 -1.700958610e-01 -7.655120920e-03 9.999999776e-03 1.899999976e-01 11
555
556
557 0.000000000e+00 0.000000000e+00 0.000000000e+00
558 0.000000000e+00 0.000000000e+00 0.000000000e+00
559 -1.356315464e-01 -1.714364290e-01 -8.839637041e-03 9.999999776e-03 1.899999976e-01 11
560
561
562 0.000000000e+00 0.000000000e+00 0.000000000e+00
563 0.000000000e+00 0.000000000e+00 0.000000000e+00
564 -8.275409043e-02 -1.727777570e-01 -1.002484281e-02 9.999999776e-03 1.899999976e-01 11
565
566
567 0.000000000e+00 0.000000000e+00 0.000000000e+00
568 0.000000000e+00 0.000000000e+00 0.000000000e+00
569 -2.989795245e-02 -1.741185635e-01 -1.120956894e-02 9.999999776e-03 1.899999976e-01 11
570
571
572 0.000000000e+00 0.000000000e+00 0.000000000e+00
573 0.000000000e+00 0.000000000e+00 0.000000000e+00
574 2.294603549e-02 -1.754590273e-01 -1.239402499e-02 9.999999776e-03 1.899999976e-01 11
575
576
577 0.000000000e+00 0.000000000e+00 0.000000000e+00
578 0.000000000e+00 0.000000000e+00 0.000000000e+00
579 7.579730451e-02 -1.767997295e-01 -1.357864123e-02 9.999999776e-03 1.899999976e-01 11
580
581
582 0.000000000e+00 0.000000000e+00 0.000000000e+00
583 0.000000000e+00 0.000000000e+00 0.000000000e+00
584 1.286529750e-01 -1.781405061e-01 -1.476335805e-02 9.999999776e-03 1.899999976e-01 11
585
586
587 0.000000000e+00 0.000000000e+00 0.000000000e+00
588 0.000000000e+00 0.000000000e+00 0.000000000e+00
589 1.815272570e-01 -1.794817597e-01 -1.594849117e-02 9.999999776e-03 1.899999976e-01 11
590
591
592 0.000000000e+00 0.000000000e+00 0.000000000e+00
593 0.000000000e+00 0.000000000e+00 0.000000000e+00
594 2.349572331e-01 -1.808371246e-01 -1.714607887e-02 9.999999776e-03 1.899999976e-01 11
595
596
597 0.000000000e+00 0.000000000e+00 0.000000000e+00
598 0.000000000e+00 0.000000000e+00 0.000000000e+00
599 2.893963158e-01 -1.822180599e-01 -1.836628467e-02 9.999999776e-03 1.899999976e-01 11
600
601
602 0.000000000e+00 0.000000000e+00 0.000000000e+00
603 0.000000000e+00 0.000000000e+00 0.000000000e+00
604 3.463197649e-01 -1.836620420e-01 -1.964217983e-02 9.999999776e-03 1.899999976e-01 11
605
606
607 0.000000000e+00 0.000000000e+00 0.000000000e+00
608 0.000000000e+00 0.000000000e+00 0.000000000e+00
609 4.113433063e-01 -1.853114665e-01 -2.109963074e-02 9.999999776e-03 1.899999976e-01 12 3 Tor 1 0
610
611
612 0.000000000e+00 0.000000000e+00 0.000000000e+00
613 0.000000000e+00 0.000000000e+00 0.000000000e+00
614 -5.000089407e-01 -4.569965303e-01 4.174391329e-01 5.000000075e-02 2.000000030e-01 1.899999976e-01 12
615
616
617 0.000000000e+00 0.000000000e+00 0.000000000e+00
618 0.000000000e+00 0.000000000e+00 0.000000000e+00
619 -5.000097156e-01 -4.537017643e-01 -4.718180597e-01 5.000000075e-02 2.000000030e-01 1.899999976e-01 11
620
621
622 0.000000000e+00 0.000000000e+00 0.000000000e+00
623 0.000000000e+00 0.000000000e+00 0.000000000e+00
624 -6.959720850e-01 -4.496505260e-01 5.718131661e-01 2.000000030e-01 11
625
626
627 0.000000000e+00 0.000000000e+00 0.000000000e+00
628 0.000000000e+00 0.000000000e+00 0.000000000e+00
629 -6.356316805e-01 -4.552133083e-01 -6.818168163e-01 2.000000030e-01 9
630
631
632 0.000000000e+00 0.000000000e+00 0.000000000e+00
633 0.000000000e+00 0.000000000e+00 0.000000000e+00
634 -2.764120698e-01 5.000029802e-01 -2.416210324e-01 2.000000030e-01 1.539999992e-01 9
635
636
637 0.000000000e+00 0.000000000e+00 0.000000000e+00
638 0.000000000e+00 0.000000000e+00 0.000000000e+00
639 -2.745758891e-01 5.000001788e-01 2.956082523e-01 2.000000030e-01 1.539999992e-01 11
640
641
642 0.000000000e+00 0.000000000e+00 0.000000000e+00
643 0.000000000e+00 0.000000000e+00 0.000000000e+00
644 -3.675435781e-01 4.892680347e-01 -4.250238836e-01 5.000000075e-02 11
645
646
647 0.000000000e+00 0.000000000e+00 0.000000000e+00
648 0.000000000e+00 0.000000000e+00 0.000000000e+00
649 -4.401265085e-01 5.000067353e-01 -4.890005887e-01 5.000000075e-02 11
650
651
652 0.000000000e+00 0.000000000e+00 0.000000000e+00
653 0.000000000e+00 0.000000000e+00 0.000000000e+00
654 -2.824303210e-01 3.952755034e-01 -3.342702091e-01 5.000000075e-02 11
655
656
657 0.000000000e+00 0.000000000e+00 0.000000000e+00
658 0.000000000e+00 0.000000000e+00 0.000000000e+00
659 -1.744029224e-01 4.604307115e-01 -3.789944053e-01 5.000000075e-02 11
660
661
662 0.000000000e+00 0.000000000e+00 0.000000000e+00
663 0.000000000e+00 0.000000000e+00 0.000000000e+00
664 -2.161207199e-01 4.996126592e-01 -4.803951979e-01 5.000000075e-02 11
665
666
667 0.000000000e+00 0.000000000e+00 0.000000000e+00
668 0.000000000e+00 0.000000000e+00 0.000000000e+00
669 -9.137265384e-02 4.898466766e-01 -3.259534240e-01 5.000000075e-02 11
670
671
672 0.000000000e+00 0.000000000e+00 0.000000000e+00
673 0.000000000e+00 0.000000000e+00 0.000000000e+00
674 -4.231660366e-01 4.689710140e-01 -2.576136887e-01 5.000000075e-02 11
675
676
677 0.000000000e+00 0.000000000e+00 0.000000000e+00
678 0.000000000e+00 0.000000000e+00 0.000000000e+00
679 -2.231144309e-01 4.987849891e-01 -4.694031179e-01 5.000000075e-02 11
680
681
682 0.000000000e+00 0.000000000e+00 0.000000000e+00
683 0.000000000e+00 0.000000000e+00 0.000000000e+00
684 -4.183309078e-01 3.927239180e-01 -5.000072718e-01 5.000000075e-02 11
685
686
687 0.000000000e+00 0.000000000e+00 0.000000000e+00
688 0.000000000e+00 0.000000000e+00 0.000000000e+00
689 -1.630001217e-01 4.580526352e-01 -3.741470277e-01 5.000000075e-02 11
690
691
692 0.000000000e+00 0.000000000e+00 0.000000000e+00
693 0.000000000e+00 0.000000000e+00 0.000000000e+00
694 3.142384887e-01 2.030624747e-01 -5.000092387e-01 5.000000075e-02 11
695
696
697 0.000000000e+00 0.000000000e+00 0.000000000e+00
698 0.000000000e+00 0.000000000e+00 0.000000000e+00
699 -1.637083739e-01 4.644735157e-01 -1.020266488e-01 5.000000075e-02 11
700
701
702 0.000000000e+00 0.000000000e+00 0.000000000e+00
703 0.000000000e+00 0.000000000e+00 0.000000000e+00
704 -9.160551429e-02 2.858923972e-01 -5.000078082e-01 5.000000075e-02 11
705
706
707 0.000000000e+00 0.000000000e+00 0.000000000e+00
708 0.000000000e+00 0.000000000e+00 0.000000000e+00
709 -3.341634274e-01 3.952712715e-01 -3.111567199e-01 5.000000075e-02 11
710
711
712 0.000000000e+00 0.000000000e+00 0.000000000e+00
713 0.000000000e+00 0.000000000e+00 0.000000000e+00
714 -4.224350676e-02 4.993383884e-01 -3.494870365e-01 5.000000075e-02 11
715
716
717 0.000000000e+00 0.000000000e+00 0.000000000e+00
718 0.000000000e+00 0.000000000e+00 0.000000000e+00
719 -3.974996507e-01 4.952631593e-01 -4.441547394e-01 5.000000075e-02 11
720
721
722 0.000000000e+00 0.000000000e+00 0.000000000e+00
723 0.000000000e+00 0.000000000e+00 0.000000000e+00
724 2.108736336e-02 2.266270518e-01 -5.000089407e-01 5.000000075e-02 11
725
726
727 0.000000000e+00 0.000000000e+00 0.000000000e+00
728 0.000000000e+00 0.000000000e+00 0.000000000e+00
729 -2.963419259e-01 3.952727318e-01 -3.052438796e-01 5.000000075e-02 11
730
731
732 0.000000000e+00 0.000000000e+00 0.000000000e+00
733 0.000000000e+00 0.000000000e+00 0.000000000e+00
734 -2.066574246e-01 4.366207123e-01 -5.000078678e-01 5.000000075e-02 11
735
736
737 0.000000000e+00 0.000000000e+00 0.000000000e+00
738 0.000000000e+00 0.000000000e+00 0.000000000e+00
739 -4.835828543e-01 4.991343617e-01 -4.181331396e-01 5.000000075e-02 11
740
741
742 0.000000000e+00 0.000000000e+00 0.000000000e+00
743 0.000000000e+00 0.000000000e+00 0.000000000e+00
744 -2.750723958e-01 4.996110797e-01 -4.803496003e-01 5.000000075e-02 11
745
746
747 0.000000000e+00 0.000000000e+00 0.000000000e+00
748 0.000000000e+00 0.000000000e+00 0.000000000e+00
749 -7.576931268e-02 4.991745055e-01 -4.273265004e-01 5.000000075e-02 11
750
751
752 0.000000000e+00 0.000000000e+00 0.000000000e+00
753 0.000000000e+00 0.000000000e+00 0.000000000e+00
754 -1.491158605e-01 4.483966529e-01 -2.659177184e-01 5.000000075e-02 11
755
756
757 0.000000000e+00 0.000000000e+00 0.000000000e+00
758 0.000000000e+00 0.000000000e+00 0.000000000e+00
759 -2.247834951e-01 4.543569088e-01 -3.735674918e-01 5.000000075e-02 11
760
761
762 0.000000000e+00 0.000000000e+00 0.000000000e+00
763 0.000000000e+00 0.000000000e+00 0.000000000e+00
764 -2.720571458e-01 4.979631603e-01 -4.621835649e-01 5.000000075e-02 11
765
766
767 0.000000000e+00 0.000000000e+00 0.000000000e+00
768 0.000000000e+00 0.000000000e+00 0.000000000e+00
769 -1.751829684e-01 1.433205158e-01 -5.000097752e-01 5.000000075e-02 11
770
771
772 0.000000000e+00 0.000000000e+00 0.000000000e+00
773 0.000000000e+00 0.000000000e+00 0.000000000e+00
774 -2.485400885e-01 4.897567034e-01 -4.263935685e-01 5.000000075e-02 11
775
776
777 0.000000000e+00 0.000000000e+00 0.000000000e+00
778 0.000000000e+00 0.000000000e+00 0.000000000e+00
779 -4.629203379e-01 4.903462529e-01 -2.058822960e-01 5.000000075e-02 11
780
781
782 0.000000000e+00 0.000000000e+00 0.000000000e+00
783 0.000000000e+00 0.000000000e+00 0.000000000e+00
784 1.339410432e-02 3.673347533e-01 -5.000095963e-01 5.000000075e-02 11
785
786
787 0.000000000e+00 0.000000000e+00 0.000000000e+00
788 0.000000000e+00 0.000000000e+00 0.000000000e+00
789 -3.380992115e-01 4.590729177e-01 -3.777511120e-01 5.000000075e-02 11
790
791
792 0.000000000e+00 0.000000000e+00 0.000000000e+00
793 0.000000000e+00 0.000000000e+00 0.000000000e+00
794 -1.216185838e-01 4.749400616e-01 -3.328785002e-01 5.000000075e-02 11
795
796
797 0.000000000e+00 0.000000000e+00 0.000000000e+00
798 0.000000000e+00 0.000000000e+00 0.000000000e+00
799 -3.609339297e-01 4.923876226e-01 -4.347247779e-01 5.000000075e-02 11
800
801
802 0.000000000e+00 0.000000000e+00 0.000000000e+00
803 0.000000000e+00 0.000000000e+00 0.000000000e+00
804 -1.070469022e-01 1.873445511e-01 -5.000091791e-01 5.000000075e-02 11
805
806
807 0.000000000e+00 0.000000000e+00 0.000000000e+00
808 0.000000000e+00 0.000000000e+00 0.000000000e+00
809 -3.156521022e-01 3.792797625e-01 -5.000091791e-01 5.000000075e-02 11
810
811
812 0.000000000e+00 0.000000000e+00 0.000000000e+00
813 0.000000000e+00 0.000000000e+00 0.000000000e+00
814 -4.161197841e-01 4.519688487e-01 -5.000095963e-01 5.000000075e-02 11
815
816
817 0.000000000e+00 0.000000000e+00 0.000000000e+00
818 0.000000000e+00 0.000000000e+00 0.000000000e+00
819 -1.325101107e-01 4.665561020e-01 -2.846890688e-01 5.000000075e-02 11
820
821
822 0.000000000e+00 0.000000000e+00 0.000000000e+00
823 0.000000000e+00 0.000000000e+00 0.000000000e+00
824 -3.650082350e-01 6.922815740e-02 -5.000096560e-01 5.000000075e-02 11
825
826
827 0.000000000e+00 0.000000000e+00 0.000000000e+00
828 0.000000000e+00 0.000000000e+00 0.000000000e+00
829 -1.706655622e-01 3.997979164e-01 -2.591110766e-01 5.000000075e-02 11
830
831
832 0.000000000e+00 0.000000000e+00 0.000000000e+00
833 0.000000000e+00 0.000000000e+00 0.000000000e+00
834 -3.092860281e-01 4.978677630e-01 -4.614811838e-01 5.000000075e-02 11
835
836
837 0.000000000e+00 0.000000000e+00 0.000000000e+00
838 0.000000000e+00 0.000000000e+00 0.000000000e+00
839 -1.833328754e-01 4.931115508e-01 -5.000076890e-01 5.000000075e-02 11
840
841
842 0.000000000e+00 0.000000000e+00 0.000000000e+00
843 0.000000000e+00 0.000000000e+00 0.000000000e+00
844 -3.712382317e-01 3.952735066e-01 -2.092261910e-01 5.000000075e-02 11
845
846
847 0.000000000e+00 0.000000000e+00 0.000000000e+00
848 0.000000000e+00 0.000000000e+00 0.000000000e+00
849 -8.214526623e-02 1.893307567e-01 -5.000082254e-01 5.000000075e-02 11
850
851
852 0.000000000e+00 0.000000000e+00 0.000000000e+00
853 0.000000000e+00 0.000000000e+00 0.000000000e+00
854 -2.368453145e-01 4.756377339e-01 -3.974602222e-01 5.000000075e-02 11
855
856
857 0.000000000e+00 0.000000000e+00 0.000000000e+00
858 0.000000000e+00 0.000000000e+00 0.000000000e+00
859 -3.027291000e-01 4.981451035e-01 -4.635913670e-01 5.000000075e-02 11
860
861
862 0.000000000e+00 0.000000000e+00 0.000000000e+00
863 0.000000000e+00 0.000000000e+00 0.000000000e+00
864 -6.095774472e-02 4.978172779e-01 -3.721915185e-01 5.000000075e-02 11
865
866
867 0.000000000e+00 0.000000000e+00 0.000000000e+00
868 0.000000000e+00 0.000000000e+00 0.000000000e+00
869 -2.547716498e-01 4.435684085e-01 -1.176441163e-01 5.000000075e-02 11
870
871
872 0.000000000e+00 0.000000000e+00 0.000000000e+00
873 0.000000000e+00 0.000000000e+00 0.000000000e+00
874 -2.932004333e-01 4.567616582e-01 -3.756389320e-01 5.000000075e-02 11
875
876
877 0.000000000e+00 0.000000000e+00 0.000000000e+00
878 0.000000000e+00 0.000000000e+00 0.000000000e+00
879 -2.881702483e-01 3.952723742e-01 -2.046357244e-01 5.000000075e-02 11
880
881
882 0.000000000e+00 0.000000000e+00 0.000000000e+00
883 0.000000000e+00 0.000000000e+00 0.000000000e+00
884 -3.646776378e-01 2.530410290e-01 -5.000088215e-01 5.000000075e-02 11
885
886
887 0.000000000e+00 0.000000000e+00 0.000000000e+00
888 0.000000000e+00 0.000000000e+00 0.000000000e+00
889 -3.776392713e-02 4.998054504e-01 -1.062066481e-01 5.000000075e-02 11
890
891
892 0.000000000e+00 0.000000000e+00 0.000000000e+00
893 0.000000000e+00 0.000000000e+00 0.000000000e+00
894 -5.000091195e-01 4.591067433e-01 -4.870277941e-01 5.000000075e-02 11
895
896
897 0.000000000e+00 0.000000000e+00 0.000000000e+00
898 0.000000000e+00 0.000000000e+00 0.000000000e+00
899 -2.537491620e-01 4.544689953e-01 -4.830287099e-01 5.000000075e-02 11
900
901
902 0.000000000e+00 0.000000000e+00 0.000000000e+00
903 0.000000000e+00 0.000000000e+00 0.000000000e+00
904 -4.477551877e-01 4.336006939e-01 -4.659379423e-01 5.000000075e-02 11
905
906
907 0.000000000e+00 0.000000000e+00 0.000000000e+00
908 0.000000000e+00 0.000000000e+00 0.000000000e+00
909 -3.399405479e-01 4.091832936e-01 -3.804132938e-01 5.000000075e-02 11
910
911
912 0.000000000e+00 0.000000000e+00 0.000000000e+00
913 0.000000000e+00 0.000000000e+00 0.000000000e+00
914 -1.693617105e-01 4.123858213e-01 -4.771709740e-01 5.000000075e-02 11
915
916
917 0.000000000e+00 0.000000000e+00 0.000000000e+00
918 0.000000000e+00 0.000000000e+00 0.000000000e+00
919 -2.024153769e-01 3.571603000e-01 -5.000073314e-01 5.000000075e-02 11
920
921
922 0.000000000e+00 0.000000000e+00 0.000000000e+00
923 0.000000000e+00 0.000000000e+00 0.000000000e+00
924 -3.423828185e-01 3.482982516e-01 -2.961535454e-01 5.000000075e-02 11
925
926
927 0.000000000e+00 0.000000000e+00 0.000000000e+00
928 0.000000000e+00 0.000000000e+00 0.000000000e+00
929 -1.969136596e-01 4.778589904e-01 -4.323178828e-01 5.000000075e-02 11
930
931
932 0.000000000e+00 0.000000000e+00 0.000000000e+00
933 0.000000000e+00 0.000000000e+00 0.000000000e+00
934 -1.332281977e-01 4.120393395e-01 -2.283223271e-01 5.000000075e-02 11
935
936
937 0.000000000e+00 0.000000000e+00 0.000000000e+00
938 0.000000000e+00 0.000000000e+00 0.000000000e+00
939 -1.546338946e-01 4.368323684e-01 -3.296613097e-01 5.000000075e-02 11
940
941
942 0.000000000e+00 0.000000000e+00 0.000000000e+00
943 0.000000000e+00 0.000000000e+00 0.000000000e+00
944 -1.796341985e-01 3.882614374e-01 -2.113009244e-01 5.000000075e-02 11
945
946
947 0.000000000e+00 0.000000000e+00 0.000000000e+00
948 0.000000000e+00 0.000000000e+00 0.000000000e+00
949 -3.162860572e-01 -4.969906062e-03 -5.000089407e-01 5.000000075e-02 11
950
951
952 0.000000000e+00 0.000000000e+00 0.000000000e+00
953 0.000000000e+00 0.000000000e+00 0.000000000e+00
954 -2.637943923e-01 4.163473248e-01 -3.768386245e-01 5.000000075e-02 11
955
956
957 0.000000000e+00 0.000000000e+00 0.000000000e+00
958 0.000000000e+00 0.000000000e+00 0.000000000e+00
959 -8.409747481e-02 4.921613336e-01 -2.174230069e-01 5.000000075e-02 11
960
961
962 0.000000000e+00 0.000000000e+00 0.000000000e+00
963 0.000000000e+00 0.000000000e+00 0.000000000e+00
964 -1.520522982e-01 3.513320088e-01 -5.000086427e-01 5.000000075e-02 11
965
966
967 0.000000000e+00 0.000000000e+00 0.000000000e+00
968 0.000000000e+00 0.000000000e+00 0.000000000e+00
969 -1.959329247e-01 4.143123031e-01 -3.656035364e-01 5.000000075e-02 11
970
971
972 0.000000000e+00 0.000000000e+00 0.000000000e+00
973 0.000000000e+00 0.000000000e+00 0.000000000e+00
974 -4.515354335e-01 4.860088527e-01 -3.077782691e-01 5.000000075e-02 11
975
976
977 0.000000000e+00 0.000000000e+00 0.000000000e+00
978 0.000000000e+00 0.000000000e+00 0.000000000e+00
979 -4.627986252e-01 3.701451123e-01 -4.965612590e-01 5.000000075e-02 11
980
981
982 0.000000000e+00 0.000000000e+00 0.000000000e+00
983 0.000000000e+00 0.000000000e+00 0.000000000e+00
984 -1.189998835e-01 4.960964024e-01 -4.916454479e-02 5.000000075e-02 11
985
986
987 0.000000000e+00 0.000000000e+00 0.000000000e+00
988 0.000000000e+00 0.000000000e+00 0.000000000e+00
989 -2.371297032e-01 3.964326382e-01 -3.553814590e-01 5.000000075e-02 11
990
991
992 0.000000000e+00 0.000000000e+00 0.000000000e+00
993 0.000000000e+00 0.000000000e+00 0.000000000e+00
994 -4.587967396e-01 4.889006615e-01 -3.190465271e-01 5.000000075e-02 11
995
996
997 0.000000000e+00 0.000000000e+00 0.000000000e+00
998 0.000000000e+00 0.000000000e+00 0.000000000e+00
999 -4.586470425e-01 4.808244705e-01 -1.569912881e-01 5.000000075e-02 11
1000
1001
1002 0.000000000e+00 0.000000000e+00 0.000000000e+00
1003 0.000000000e+00 0.000000000e+00 0.000000000e+00
1004 -4.354643822e-01 3.473530412e-01 -4.878790081e-01 5.000000075e-02 11
1005
1006
1007 0.000000000e+00 0.000000000e+00 0.000000000e+00
1008 0.000000000e+00 0.000000000e+00 0.000000000e+00
1009 -1.853234470e-01 3.607764840e-01 -2.315044105e-01 5.000000075e-02 11
1010
1011
1012 0.000000000e+00 0.000000000e+00 0.000000000e+00
1013 0.000000000e+00 0.000000000e+00 0.000000000e+00
1014 -8.759190887e-02 4.483072758e-01 -2.724778354e-01 5.000000075e-02 11
1015
1016
1017 0.000000000e+00 0.000000000e+00 0.000000000e+00
1018 0.000000000e+00 0.000000000e+00 0.000000000e+00
1019 -5.970415100e-02 4.825227857e-01 -2.879626751e-01 5.000000075e-02 11
1020
1021
1022 0.000000000e+00 0.000000000e+00 0.000000000e+00
1023 0.000000000e+00 0.000000000e+00 0.000000000e+00
1024 -3.311651573e-02 4.210821986e-01 -5.000090003e-01 5.000000075e-02 11
1025
1026
1027 0.000000000e+00 0.000000000e+00 0.000000000e+00
1028 0.000000000e+00 0.000000000e+00 0.000000000e+00
1029 -1.090477556e-01 4.248180687e-01 -2.990764081e-01 5.000000075e-02 11
1030
1031
1032 0.000000000e+00 0.000000000e+00 0.000000000e+00
1033 0.000000000e+00 0.000000000e+00 0.000000000e+00
1034 -1.887912303e-01 4.649713337e-01 -4.560585320e-01 5.000000075e-02 11
1035
1036
1037 0.000000000e+00 0.000000000e+00 0.000000000e+00
1038 0.000000000e+00 0.000000000e+00 0.000000000e+00
1039 -1.376248300e-01 4.988825619e-01 -4.644498229e-01 5.000000075e-02 11
1040
1041
1042 0.000000000e+00 0.000000000e+00 0.000000000e+00
1043 0.000000000e+00 0.000000000e+00 0.000000000e+00
1044 -4.321214855e-01 4.755569994e-01 -1.408886611e-01 5.000000075e-02 11
1045
1046
1047 0.000000000e+00 0.000000000e+00 0.000000000e+00
1048 0.000000000e+00 0.000000000e+00 0.000000000e+00
1049 -6.172207743e-02 4.869337082e-01 -2.858080864e-01 5.000000075e-02 11
1050
1051
1052 0.000000000e+00 0.000000000e+00 0.000000000e+00
1053 0.000000000e+00 0.000000000e+00 0.000000000e+00
1054 -3.189087659e-02 4.882003665e-01 -5.793246254e-02 5.000000075e-02 11
1055
1056
1057 0.000000000e+00 0.000000000e+00 0.000000000e+00
1058 0.000000000e+00 0.000000000e+00 0.000000000e+00
1059 -4.345785081e-02 4.830073118e-01 -5.000093579e-01 5.000000075e-02 11
1060
1061
1062 0.000000000e+00 0.000000000e+00 0.000000000e+00
1063 0.000000000e+00 0.000000000e+00 0.000000000e+00
1064 1.191241294e-01 1.023426801e-01 -5.000091195e-01 5.000000075e-02 11
1065
1066
1067 0.000000000e+00 0.000000000e+00 0.000000000e+00
1068 0.000000000e+00 0.000000000e+00 0.000000000e+00
1069 -3.119654059e-01 3.593966067e-01 -2.741246819e-01 5.000000075e-02 11
1070
1071
1072 0.000000000e+00 0.000000000e+00 0.000000000e+00
1073 0.000000000e+00 0.000000000e+00 0.000000000e+00
1074 -4.146904945e-01 4.612946212e-01 -1.664470732e-01 5.000000075e-02 11
1075
1076
1077 0.000000000e+00 0.000000000e+00 0.000000000e+00
1078 0.000000000e+00 0.000000000e+00 0.000000000e+00
1079 -4.604566693e-01 4.908435047e-01 -3.677729666e-01 5.000000075e-02 11
1080
1081
1082 0.000000000e+00 0.000000000e+00 0.000000000e+00
1083 0.000000000e+00 0.000000000e+00 0.000000000e+00
1084 -8.197095990e-02 4.437187016e-01 -3.091128170e-01 5.000000075e-02 11
1085
1086
1087 0.000000000e+00 0.000000000e+00 0.000000000e+00
1088 0.000000000e+00 0.000000000e+00 0.000000000e+00
1089 -7.624715567e-02 4.710181653e-01 -5.000076890e-01 5.000000075e-02 11
1090
1091
1092 0.000000000e+00 0.000000000e+00 0.000000000e+00
1093 0.000000000e+00 0.000000000e+00 0.000000000e+00
1094 -3.353510499e-01 3.286969662e-01 -5.000072122e-01 5.000000075e-02 11
1095
1096
1097 0.000000000e+00 0.000000000e+00 0.000000000e+00
1098 0.000000000e+00 0.000000000e+00 0.000000000e+00
1099 -3.581755459e-01 -1.037423760e-01 -5.000090599e-01 5.000000075e-02 11
1100
1101
1102 0.000000000e+00 0.000000000e+00 0.000000000e+00
1103 0.000000000e+00 0.000000000e+00 0.000000000e+00
1104 -2.821477950e-01 3.682512641e-01 -2.656479776e-01 5.000000075e-02 11
1105
1106
1107 0.000000000e+00 0.000000000e+00 0.000000000e+00
1108 0.000000000e+00 0.000000000e+00 0.000000000e+00
1109 -3.317322433e-01 4.154484868e-01 -4.013175666e-01 5.000000075e-02 11
1110
1111
1112 0.000000000e+00 0.000000000e+00 0.000000000e+00
1113 0.000000000e+00 0.000000000e+00 0.000000000e+00
1114 1.309989542e-01 -2.937544882e-01 -5.000086427e-01 5.000000075e-02 11
1115
1116
1117 0.000000000e+00 0.000000000e+00 0.000000000e+00
1118 0.000000000e+00 0.000000000e+00 0.000000000e+00
1119 -6.267972291e-02 3.476456106e-01 -5.000076294e-01 5.000000075e-02 11
1120
1121
1122 0.000000000e+00 0.000000000e+00 0.000000000e+00
1123 0.000000000e+00 0.000000000e+00 0.000000000e+00
1124 -1.494960040e-01 4.478660226e-01 -1.930377632e-01 5.000000075e-02 11
1125
1126
1127 0.000000000e+00 0.000000000e+00 0.000000000e+00
1128 0.000000000e+00 0.000000000e+00 0.000000000e+00
1129 -1.554787457e-01 4.525147676e-01 -4.912881851e-01 5.000000075e-02 11
1130
1131
1132 0.000000000e+00 0.000000000e+00 0.000000000e+00
1133 0.000000000e+00 0.000000000e+00 0.000000000e+00
1134 -2.356193662e-01 2.481835335e-01 -5.000075102e-01 5.000000075e-02 11
1135
1136
1137 0.000000000e+00 0.000000000e+00 0.000000000e+00
1138 0.000000000e+00 0.000000000e+00 0.000000000e+00
1139 -1.860785037e-01 3.952714801e-01 -3.137050569e-01 5.000000075e-02
