22 serialization::archive 19 1 0
0 0 0 2 10 Difference 1 0
1 0 0 2
2 2
3 2
4 2
5 2
6 2
7 2
8 4 5 Union 1 0
9 4
10 2
11 4
12 2
13 5 3 box 1 0
14 1 0
15 0.000000000e+00 0.000000000e+00 0.000000000e+00
16 1.000000000e+00 1.000000000e+00 1.000000000e+00 7 6 Sphere 1 0
17
18 5.000000000e-01 5.000000000e-01 5.000000000e-01 7.250000238e-01 5
19
20 1.250000019e-02 1.250000019e-02 1.250000019e-02
21 9.875000119e-01 9.875000119e-01 9.875000119e-01 7
22
23 5.000000000e-01 5.000000000e-01 5.000000000e-01 6.000000238e-01 5
24
25 5.000000075e-02 5.000000075e-02 5.000000075e-02
26 9.499999881e-01 9.499999881e-01 9.499999881e-01 7
27
28 5.000000000e-01 5.000000000e-01 5.000000000e-01 5.000000000e-01 8 7 Capsule 1 0
29
30 1.249971241e-02 9.000160694e-01 3.455078304e-01 9.999999776e-03 1.000000000e+03 8
31
32 1.249991730e-02 8.559114933e-01 6.432937980e-01 9.999999776e-03 1.000000000e+03 8
33
34 3.563590050e-01 8.354715705e-01 9.875002503e-01 9.999999776e-03 1.000000000e+03 8
35
36 6.391400695e-01 8.347886801e-01 9.875002503e-01 9.999999776e-03 1.000000000e+03 8
37
38 9.875028133e-01 8.385649920e-01 6.438189149e-01 9.999999776e-03 1.000000000e+03 8
39
40 9.875074029e-01 8.366907835e-01 3.600098491e-01 9.999999776e-03 1.000000000e+03 8
41
42 6.415438056e-01 8.365051150e-01 1.249883976e-02 9.999999776e-03 1.000000000e+03 8
43
44 3.575609922e-01 8.348335624e-01 1.249691099e-02 9.999999776e-03 1.000000000e+03
